134263546
230138124
374685271
386875532
395479889
441110631
518106401
560190986
708493996
718175021
748982459
823714898
859146938
866661338
905011003
925108571
1095196255
1219031410
1386967844
1476296295
1558684624
1600959464
1606168423
1616137710
1648445191
1844518264
1886223311
2009419290
2091952916
2139182078
-2139023298
-2088117268
-1932668890
-1890032841
-1824966064
-1733131329
-1683111411
-1659203681
-1658163642
-1562013086
-1412406409
-1375588170
-1295738101
-1231875229
-1195358528
-1165025046
-1090064905
-1027492098
-1016873634
-989019474
-877779434
-799321660
-794064332
-765942204
-637021296
-629461874
-612980366
-501445691
-426848347
-388695823
-362585937
-362069737
-292421388
-206458260
-205308834
-167874309
-156515871
-129200616
-73649998
-58488092
-1899833
-1212042329