201335801
568030977
1603824858
-1321514755
-1161955437
-472606633
-329718538
-170660843
-1029942799
1626527903
70654023
95394986
329770589
438943974
561434617
561774938
887591700
1035674754
1079046402
1083877166
1178816211
1245794052
1409330927
1450204329
1570740118
1599430658
1675708796
1830983275
2034681029
-2093224444
-1965391484
-1793767768
-1792003202
-1779758260
-1711881292
-1668644911
-1419012030
-1291394449
-1127211313
-1069355887
-975011921
-646364355
-366338980
-248229128
-91025337
226675036
557501410
1491824776
1110549749
1985561524
2062387159
-1220496683
-1194871450
-1224380439
-908537035
-1651974558
-1629356223
-399700640
665687391
689802922
-993231614
705555828
785876947
869447531
968039526
1119499288
826098819
1311624854
1494566824
1662985944
1691692961
1715483236
2054769894
2115638880
-2012068876
-1840671731
-97194441
-1517785209
-1471941251
1396659259
-1431327398
-771306683
-1417979355
-1349911548
-1172080410
-828617194
-443853706
-124885810
-720634211
-31532233
115829679
289958380
736771024
861289294
1840702718
-2074699750
-967449647
-953383079
-48613504
2054600885
688902650
-946858160
1370520727
-1856212031
-1858092145
-1695764686
927516731
477683100
111202982
-685502919
-1596466926
-1499012462
-1905744178
1845113143
673164666
-1666415646
-564666989
1475366983
2015417895
-781966615
1237896378
439939404
-272644338
121487860
706279808
-866053551
-1938820556
1257595135
-1115166551
-2119584934
468771613
2006878979
619039295
-158089846
-2101791483
-1136614743
-1480322401
-828005490
-793177786
1922347819
-672341183
-789046113
987494852
-1208136955
-1343870247
1838856480
-397422062
-1517849831
1859887292
1155703076
-1280712768
606939444
-195228601
174961546
510645791
341452410
187858982
-2027910475
-1235882279
-1880416473
1766543328
-1886810830
-1632332625
-1682624907
1617265983
-1245936562
339397145
-619559514
1814222082
764736938
-1114669448
1258757912
-2141467459
114277907
-845976138
1019600739
-140964666
1994479290
-1111653089
-1564326060
-464529559
140234170
1292308565
-1359569850
-1435618816
-534090311
82733009
423028482
2141133700
1861196360
-394532634
-623562439
1908947202
146162049
2031506084
343292316
-815022820
-2121787301
-861322
-1010185247
1163770191
-1912509718
-1828431278
1482197495
-2066749869
-778511248
449056725
130105197
-862065464
1242144358
721630535
1541277811
1188772043
-1920472210
185833920
-1068545435
1273891781
1239388500
-817110022
68628575
-2105326863
420610279
1128530555
-1212428108
1047918534
422294132
1666347532
800090969
-875834235
189033373
9897760
-1389141975
-2046593650
-1663337804
1298114091
984379648
1656571411
1249051215
-1444833866
-335279621
1488398179
441219346
-1813252922
-1136954714
360679016
-1915525061
-568109619
732193679
-1020893835
-301769471
142259920
1215583925
-1896954754
2040286248
1169299419
-538228836
-101343444
2019231272
1530970336
-386983111
-2092527787
-316137877
1910290911
474289822
-779839632
-1823825651
952908272
-132536401
1687403343
-250439733
2139484767
-1845332270
173490372
-306244162
1798006544
1692884516
-495768438
691011375
875220887
-1068555346
-1744874274
-631518149
225673053
-846026940
-349257388
206830535
1385998770
-1358076952
-140672982
-1033905079
1019302799
1154199271
-1161488802
-1981332161
-1660201306
909068450
-1044891526
-1325270499
617135754
1283925591
-1945593521
-2015627790
713003771
21989212
462915686
-904702727
-1109359662
653018754
237109982
-307194585
-1470822038
484845554
1578989955
-675613609
-127241673
1362003705
-914200406
-1703783076
1878352670
-2022218268
-1437442672
1277933121
203773476
-893401873
1036864697
31659850
-1682290931
-1992973932
1208718541
1513402294
1007290041
-8729901
-1326857601
1873013227
1057928724
2063424418
-874166363
-1675550018
1177005783
758620888
373932813
1096390183
619797427
821094772
1084616470
1562755358
-974365220
-1128630928
-431071814
-1324474931
1184717947
1112415944
-413229738
649077011
1543342930
-1608232003
-580257284
1803059224
372583001
894115715
1429822298
-1263023092
-1496526954
1715695758
1838160947
-1070302406
-352031075
-237215321
542686520
1470851603
-1203585530
-1869809062
1931373987
922481134
-2109153418
-1061977849
1226050771
1724156595
-813662595
1462538286
81571288
-245654630
433692000
888972564
-763015483
-1836339552
1410415723
-1553746883
-1622282290
85245833
-1083673260
195575800
561261215
-503605881
-366413510
1200397875
1824295828
1986299054
-1478469583
-804024550
134505879
550117835
-1017596366
-2034423169
839779559
1895127702
-112011454
-696102622
2143725036
-412464193
-1264945591
1092435979
-1449179407
-2068152699
1656984916
583890225
-464001030
321220524
789263455
-1252891624
-943008243
316810668
1586197837
-1554751826
38855971
1733760678
-1685280581
1780670824
-461582116
-724102293
1347017818
-1510443249
-558076271
-625093477
2030983371
-935003964
1563065336
-1533974574
568179470
-243881515