10779389
36680135
152890013
183558096
212478402
217730167
231388716
265329360
296687994
351283582
362264150
497109573
522879359
548169181
743002328
827088992
942002359
1096976585
1122300396
1173437297
1240317973
1287894398
1298979830
1340543180
1349118798
1390551156
1414174866
1449533858
1508610829
1535873187
1550301297
1562896926
1628762470
1635906003
1668113865
1784908350
1899158552
1902665341
1925664334
1947804140
2003342689
2043703265
2066654641
2071882100
2089075051
-2068069527
-2043672493
-1975624852
-1971374461
-1864940794
-1799432435
-1757713452
-1715538991
-1691010837
-1649141799
-1607408665
-1589683813
-1500848603
-1428348298
-1295545747
-1210576178
-1153557534
-940115353
-915185054
-872896168
-730443046
-688023072
-687815872
-621557025
-580501105
-553636291
-478162294
-471240706
-430118574
-418020483
-291699333
-289485865
-258928911
-235083825
-210173166
-174702875
-126564179
-99568699
-326518765
1398990093
2041953557
1221083338
-1991860470
1688698462
2010810127
-1236542481
103410336
-945343136
-291757853
-1196624290
789774115
678723448
439479525
-608226523
770611072
856357222
-226220378
-1427595417
1801863335
-1746489494
634057218
-419123970
-503497889
-625531935
1571480382
777822734
1030061021
1859537006
-1771623011
-34742325
427041296
1390596347
-1449226953
-1723105943
-402471226
1316343154
-741102719
-1191443369
-2115611119
-114713437
-1959433778
1148493821
1808018238
1577169596
-1002629334
646474053
-1997716077
120887162
1180452649
-1231734247
1104858642
-1981335136
-819321607
701482880
1924841241
-752771969
763258256
1179765318
-130862711
695741606
-2076641991
-959324912
1654146095
1580160270
-1447500730
1577221793
-1596307605
233542742
-907699769
356832376
-1831963227
-1268699465
488212311
-313225694
-364330264
1308749844
-1184650885
-458823283
-710165519
1468816658
1017377476
1615928066
406717564
-199502132
451665585
1264374152
536822911
1477800065
1841500854
-1457657921
762400649
869321522
928802218
-242301621
1136622682
1809661625
1199770657
1720807240
1766696733
1849599361
-1380133771
-1101287404
-1363616490
-642720836
-631432613
-614137487
-219616398
-136526976
393170051
-1014733364
-66133310
-1407444215
-2130402750
-1581110650
-1272424640
949998254
-1829296206
1054837918
464486672
-1252864505
-499708764
-1811933797
-600042530
-244796292
1520984432
-1228353876
-1381751389
-656719816
-227084940
260284161
544882230
248324135
-329241462
413665683
-1324204808
44267881
-61521327
-138639351
1421753814
2065455780
-1967617934
-969458871
1175594998
-801673359
-722568905
369539274
-1279438435
-840405328
424942650
-362519392
1938162337
1787348452
1101344406
-1873283157
-1989719739
1354375721
936792764
1056297926
-1067297482
-1361645893
-338443224
-1188481396
-484190947
-2092646712
1374007401
1476099056
-208374030
-1732519644
432355586
1545439570
1735478184
561510032
866593195
570503921
2144964387
-1844751849
-11328562
-922659219
235157407
-27296959
-1724707884
-525488414
283552128
-1649011348
1475725616
1020946150
474525162
-1955115358
-1106616327
990229320
2066013567
407122787
2003573398
474199360
906328698
-1512619329
312371861
-1051601640
310278228
-1591959164
1153554398
1959028881
917667067
-1120892329
1615700826
1332188990
842366700
844373399
-1002292526
1557147692
679204200
662856846
1286458200
-1647981790
-1090679521
-2084596822
2018862108
-1072738634
1811463340
-1758230163
1198909259
865288169
1488752703
-571190065
-1227097319
-566120866
1445574732
-757338697
1227643245
570685115
239614950
1068169129
1145386810
250708850
1709059236
1760319855
-1644972941
-801939090
1816310657
124591191
1136447860
-833701062
-752943362
-434986107
639641290
-1960881849
-1457301158
-1120025311
1156544812
1846244768
630707903
-479020320
-413803567
-159354020
-1613795742
1811702292
-414336502
-287201188
-1766402721
-1542753256
619458424
1140489121
808361050
-2146101571
659884040
-1508817879
309795568
1119695088
1158524415
752000294
-1985421272
-2111192775
2016407731
744381374
-506620238
-1245954625
541280626
1949491839
158883057
1560934396
-923368655
-1668863940
1360323888
90525245
-1894169866
1558955382
-1009495595
287231666
-1690235505
916258569
-1695134251
-540576706
-1915730698
1447902894
453089034
1128530555
-1212428108
1732374682
931093658
507791641
-830592185
643664049
1795282780
392972019
-1225300587
1274166916
551391570
1918103379
-1951070128
-48632669
-1774828683
-552723992
1971359486
-2072090899
-615410111
1991710187
1881333266
-38582935
1953291379
1919439520
918872003
805377945
1529788495
464065080
1457896348
470485999
-847936508
-1715823622
-1172392227
1430090441
862408726
38489205
772866578
-423210591
950479343
-629305205
408656610
497571051
1744774396
-588497289
193108629
-154720093
-188217053
-81219885
304472166
-1060870859
776498353
465710896
-84111925
-149263174
-648710828
-1196763998
-1549710470
-2078291665
1721371576
-2075195143
-1506248833
-1173408378
909883514
610670745
-1301278394
249725277
308648116
612347083
947046888
1118308615
1581581736
1605188031
-2140305730
-1980441950
-1918789694
-1796085222
-1203169571
-1200845912
-1181980130
-1035435581
-930248486
-650556655
-388099244
-257330332
937542587
1715359211
219275837
-1127281236
-944768740
1557004743
-1277556357
1703144038
-1439307127
-1816799166
-124094572
1288751159
-1815134592
378359074
-1366193169
-977394631
1499025661
846659371
1982325640
259922393
165935948
-1531486242
-1278189272
916401129
1571849279
469711485
-437673209
-1449116226
1868168689
1529106381
-881988466
1435830477
-1463234400
-864588084
-71619421
-1540053145
820510470
63147046
-126625679
-180050769
-103346305
694472004
-1317659738
-1996806301
-2087030065
1110550945
-1443095720
642355690
432373380
-224469526
1963908141
-728367285
-1932249109
-1139351990
909779409
-381487126
-2106763204
-1511263376
-500891901
160164056
-1047456505
1775074715
1687219927
-533679541
767082950
-345595139
1258127771
2007100307
479085637
576858487
-265348198
-93064530
1740204108
-554798165
1360028395
-1751055689
-1286806341
659366334
1281527400
-874956793
564505529
1327184457
-541147407
-1866030866
-339471330
1362251778
-360851056
-1702139191
722834526
2012728514
-966184363
516625843
429906435
-1622071043
743997275
235018668
1119240897
2030657839
1472663677
-1898204958
-718094920
-1105390994
-700092332
-1094508323
-1744444696
1491117189
-1818349201
-242142803
-1223135453
-667411273
-975880444
-2136935671
-1106859965
-1533046301
-810533323
-890461680
677580363
692947166
-1892162773
1059169574
1869382707
426444499
804408004
-1268199629
194015115
403595343
-483067145
1009675376
892834735
-948776942
885693108
-1681449957
-1176997712
783520943
-2037410628
25875537
1583631432
180326432
-1839187927
-444575922
-1625249112
1825766958
2010850850
1478170832
1982213945
-318620346
2064921753
174584120
677311045
786254399
869825159
1662380852
2115033996
-1981890751
-1810677303
-1471596399
-1362460437
-1253308375
-1149473170
-1104641977
-653054222
-444491366
-317331180
-125523678
-81591582
-1516911298
-875946991
1118337678
133189333
-1884050807
785755920
230173059
-1957804273
197631684
-291345603
1686638663
262651793
1728162671
784126181
1167294259
-1434729588
2105202902
-175659501
-1405082010
35640013
120890112
989267069
527198597
1130407089
-1302261692
1714169949
1579119831
700896412
-778307163
2023301623
2100478537
2134046052
40935887
1039397138
-2132214106
-1922000522
-1702454698
-1598425342
-1207392126
-555548466
-502839250
-494875598
-1654368883
-1514224294
1041991989
1233476549
-54301390
951497681
1765641762
1439445002
1055104988
-937339177
-412563750
-1723562374
-722188212
-1076107366
1715215319
559331464
-574456017
-730512579
-1509110929
-1410683401
-1717397367
-1329621423
-1465807335
-584586753
1236716202
-990166348
-1537351600
-1756194764
1064494409
-594202124
1928027739
-145785964
-2010509353
958633098
-1481896005
-799047754
1436178163
-2079950363
2085806593
-1787096164
1382430685
363024097
-1240867781
1955046253
-1579237425
341447923
732162301
214223592
463609313
-1194443001
-1768090448
-1882547432
2005932242
-1939938989
1163410151
-1676658817
1195571287
-348025412
-1551930740
-669229776
1188054524
-1567809283
1564057706
1255001512
-212782597
-214559168
245942670
1748441434
558711354
-490722714
1587567957
1708326442
1523868005
-892806228
-1991630839
-2105717557
-369245351
-2062497452
958852848
1043044273
-712457639
-202041232
-560378680
967092415
964833060
-1695923279
-14162159
872137867
-498914799
-534339429
-880042269
-245642526
1407780305
1105216672
-1172029276
-285211482
1016447438
-1923892618
348827389
-796649650
-1568863301
17591409
-1951023287
275842568
69661873
-425459244
-268698592
899329809
2007089771
-1115400109
1207960958
-1455058699
2093324773
33617820
274433637
-1702192440
-902456881
-1808932701
210998077
1056874649
-979135724
48107498
-328521754
329475475
1438312501
-1531396123
-1027286490
139666670
-1385031919
250212920
931360047
1075870393
212656608
25984409
-860755440
-1494540058
431068391
-959171644
1593344778
1024237866
-1389558034
1375210808
1983560475
-499254445
719833050
-1257318094
1731159761
-28835381
-888784691
1069997579
753712947
196173284
76619635
-775844349
516764834
-2132212539
1162901757
-1130106652
577744447
376306646
-588538256
-747706742
2070579674
1352754087
-1783604458
882958776
2016844951
-299854520
169348114
622109157
2058974792
-1703525766
-1597668714
-1545168329
-1221614868
-1192817515
-1052450889
-505197233
-683609492
1163573223
-1687709326
-1857989029
-93390451
-1585192904
-1639474280
-177720242
-351277677
447547799
1304924245
1854384178
-2118522670
478722694
-213871402
-493667520
178569333
-1088882724
955777336
1001740784
1339962876
447810545
-1111009789
1641200290
-1448941025
87222718
-1307717299
-1414741781
1780458259
189069612
-505003933
702627801
1074420896
-1231099844
312896541
967075905
-1585425426
1545248439
-2123541313
2041530088
1718254045
1576861744
1282406094
-1742411445
1043026927
-1710085876
-245931737
-1691887636
-1407308178
-192238040
451329318
-1350051775
1871437081
-1159995023
1595229545
1410707799
-619576157
2079348542
-1656529821
-1432175632
-1558474806
-849858262
1531853045
799216263
849748543
876380928
1055711124
1651225484
-1619526414
-1455988695
-1271770991
-453000926
-100994662
2030652588
-661491766
-1759004756
-1593371174
-903300596
1379895511
752159975
400869868
-1717665282
1828537645
79073953
321337917
513720616
-2038697531
546205358
-292150873
801456697
1900650430
1941185593
2121554356
-564941729
-1712507876
-15531183
208369948
-2093224444
-423394414
1101366602
421782638
-58179716
-170419677
1381528536
-1001489913
142211526
635775133
1156634143
1214125374
1233176071
1544446318
1747814806
1882249962
1965603118
1976295496
-1919063156
-1849302403
-1552852429
-1353492238
-1113477893
-1099666805
-943027954
-890629037
-811256940
-289801416
-1747959645
-1313747641
-548827501
1399609762
943978100
1534312068
1325394571
883959540
1345184860
-554577558
1048418234
1389902952
2036044773
-1513302373
-984020263
-1367956209
1961225922
1330314705
1725455128
-988383352
664055455
-1919315933
138146902
361302068
542958334
1817388256
-1773342770
334641841
-335776956
1130078856
638083356
-851395068
122043588
183687671
924483310
1551573340
-35651014
-99865880
1536625038
1846143595
-270533748
-1922561896
-1888430864
3460615
-686002895
595303355
408771330
-936694786
-253193919
1854158858
-1467733888
1321163088
-84802682
-684306196
-1360138339
1875606485
494979929
1877726967
-842277116
1014437659
-626713446
-379587538
642859706
99970973
1904008910
-412428527
129423366
171635615
256560623
351283582
363651934
390054695
437874065
564155247
618284109
677311045
841882579
970945781
1114273581
1122300396
1207063188
1279973345
1287894398
1362251778
1394115638
1414174866
1508610829
1526161964
1581581736
1597744657
1628762470
1704350542
1723243220
1762846022
1899158552
1909296791
1947719166
2003342689
2051476194
2066654641
2113418212
-2099577258
-1981890751
-1971374461
-1934720719
-1918789694
-1851018871
-1830629617
-1740351597
-1607408665
-1597668714
-1571932445
-1444441344
-1438260023
-1362460437
-1230708671
-1192817515
-1168261315
-1085602213
-1050271686
-1005183414
-794522765
-653054222
-597487486
-580501105
-505197233
-478162294
-430118574
-291699333
-276391960
-258928911
-257330332
-235083825
-226252976
-174702875
-46009903
-1085745061
-1826094919
181036728
1156544812
1846244768
-362519392
1938162337
1180452649
-1231734247
1104858642
1787348452
1101344406
-326518765
1398990093
2041953557
1221083338
-1991860470
1688698462
2010810127
-1236542481
103410336
-945343136
-291757853
-1196624290
789774115
678723448
439479525
-608226523
770611072
856357222
-226220378
-1427595417
1801863335
-1746489494
634057218
-419123970
-503497889
-625531935
1571480382
777822734
1030061021
1859537006
-1771623011
-34742325
427041296
1390596347
-402471226
1316343154
-741102719
-1191443369
-2115611119
-114713437
-1959433778
1148493821
1808018238
1577169596
-1002629334
646474053
-1997716077
120887162
-635739629
-1228734605
1667458704
447868724
-1042674103
-1554459844
1809661625
-1494150170
1963908141
-728367285
-1932249109
-1139351990
909779409
-381487126
-2106763204
-1511263376
-500891901
160164056
-1047456505
1775074715
1687219927
-533679541
767082950
695741606
1577221793
-1596307605
233542742
-345595139
1258127771
2007100307
479085637
576858487
-265348198
-93064530
1740204108
-554798165
1360028395
-1751055689
-1286806341
659366334
1281527400
-874956793
564505529
1327184457
-541147407
-1866030866
991981711
1787569400
27495214
-1195563417
2047768009
2136589529
-1195944839
294114149
1522304423
-1574168148
292492375
1969860233
-94075680
1892623948
1080518148
-2009633174
-163603395
1712510974
-1147406367
1123382905
131224050
-727978932
1888901878
823884666
-1019753724
1529106381
-1951070128
-881988466
1435830477
-1463234400
-864588084
-71619421
-1540053145
820510470
63147046
-126625679
-180050769
-103346305
1953291379
1919439520
918872003
-1224982195
-573313381
937542587
1715359211
219275837
-1127281236
-944768740
1557004743
-1277556357
1703144038
-1439307127
-1816799166
-124094572
1288751159
-1815134592
378359074
-1366193169
-977394631
1499025661
846659371
1982325640
259922393
165935948
-1531486242
-1278189272
916401129
1571849279
469711485
-437673209
-1449116226
1868168689
694472004
-1317659738
-1996806301
-2087030065
1110550945
-1443095720
642355690
432373380
-224469526
230173059
-1957804273
197631684
-291345603
1686638663
262651793
1728162671
784126181
1167294259
-1434729588
2105202902
-175659501
-1405082010
35640013
120890112
989267069
527198597
1130407089
-1302261692
1714169949
1579119831
700896412
-778307163
2023301623
2100478537
2134046052
40935887
1039397138
-2132214106
-1922000522
-1702454698
-1598425342
-1207392126
-555548466
-502839250
-494875598
-1654368883
-1514224294
1041991989
1233476549
-54301390
951497681
1765641762
1439445002
1055104988
-937339177
-412563750
-1723562374
-722188212
-1076107366
1715215319
559331464
-574456017
-730512579
-1509110929
-1410683401
-1717397367
-1329621423
-1465807335
-584586753
1236716202
-990166348
-1537351600
-1756194764
1064494409
-594202124
1928027739
-145785964
-2010509353
958633098
-1481896005
-799047754
1436178163
-2079950363
2085806593
-1787096164
1382430685
363024097
-1240867781
1955046253
-1579237425
341447923
732162301
214223592
463609313
-1194443001
-1768090448
-1882547432
2005932242
-1939938989
1163410151
-1676658817
1195571287
-348025412
-1551930740
-669229776
1188054524
-1567809283
1564057706
1255001512
-212782597
-214559168
245942670
1748441434
558711354
-490722714
1587567957
1708326442
1523868005
-892806228
-1991630839
-2105717557
-369245351
-2062497452
958852848
1043044273
-712457639
-202041232
-560378680
967092415
964833060
-1695923279
-14162159
872137867
-498914799
-534339429
-880042269
-245642526
1407780305
1105216672
-1172029276
-285211482
1016447438
-1923892618
348827389
-796649650
-1568863301
17591409
-1951023287
275842568
69661873
-425459244
-268698592
899329809
2007089771
-1115400109
1207960958
-1455058699
2093324773
33617820
274433637
-1702192440
-902456881
-1808932701
210998077
1056874649
-979135724
48107498
-328521754
329475475
1438312501
-1531396123
-1027286490
139666670
-1385031919
250212920
931360047
1075870393
212656608
25984409
-860755440
-1494540058
431068391
-959171644
1593344778
1024237866
-1389558034
1375210808
1983560475
-499254445
719833050
-1257318094
1731159761
-28835381
-888784691
1069997579
753712947
196173284
76619635
-775844349
516764834
-339471330
-360851056
-1702139191
722834526
2012728514
-966184363
516625843
429906435
-1622071043
743997275
235018668
1119240897
2030657839
-1313747641
-548827501
1399609762
943978100
1534312068
1325394571
883959540
1345184860
-554577558
1048418234
1389902952
2036044773
-1513302373
-984020263
-1367956209
1961225922
1330314705
1725455128
-988383352
664055455
-1919315933
138146902
361302068
542958334
1817388256
-1773342770
334641841
-335776956
1130078856
638083356
-851395068
122043588
183687671
924483310
1472663677
-1898204958
-718094920
-1105390994
-700092332
-1094508323
-1744444696
1491117189
-1818349201
-242142803
-539908843
344815280
-1843854306
115623489
1795282780
-174281104
1350294552
995390414
-99350522
-1880915992
-1651002738
-1494493730
1291066615
-431359531
835940637
876453671
1211137595
1522014118
-737247362
-2122655356
-1223135453
-667411273
-975880444
-2136935671
-1106859965
-1533046301
-810533323
-890461680
677580363
692947166
-1892162773
1059169574
-990221173
403595343
-483067145
1009675376
892834735
-948776942
885693108
-1681449957
-1176997712
783520943
592460162
-1312961905
-1034463131
-318833648
426444499
804408004
-1268199629
862408726
38489205
772866578
-423210591
950479343
-629305205
408656610
497571051
1744774396
-588497289
194015115
-588538256
-747706742
2070579674
1352754087
-1783604458
882958776
-2037410628
25875537
1583631432
-1738494929
-292480491
293613570
397392751
-1196763998
-1549710470
-2078291665
-444575922
-1625249112
1825766958
-81219885
304472166
2053272936
-1147726019
-1088609975
1116319292
-514936263
-1393675269
2010850850
1478170832
1982213945
-1235894095
541313390
214126914
367815832
474862437
630521869
642232853
994214573
1046246794
1086688213
1142743116
1286949725
1569472688
1600114756
1654687982
1804538654
1886471836
1988764582
-1965350707
-1741980098
-1616147174
-1596735301
-1560186205
-1458069331
-1109987325
-1043321648
-773167622
-735641819
-686751552
-316972624
-288762968
-266448632
-140677614
-67417340
-747010011
1146887769
-1151600396
1288549940
-1301792157
-649620043
1367893967
-1446057933
1764804030
725461884
-1027657421
1454434264
-1282820394
514501754
732427635
-1112408916
18544049
137775150
138672376
184061532
210438768
392921687
402505444
438747209
449886437
503303105
524692124
545515166
558499819
638952569
761389863
811914143
821227308
924764158
979851481
990942401
1026247647
1096083757
1150829053
1192354492
1194340183
1410222323
1513431023
1546662715
1621705260
1708747814
1809646962
1993881034
2027674632
2060871413
2108453524
-1939014414
-1855337398
-1852503107
-1771542037
-1692374212
-1676651667
-1666824465
-1602103593
-1409969783
-1391449834
-1384191864
-1316309680
-1291487519
-1225744079
-1115363729
-1104460093
-1102259811
-1046192647
-901372396
-884894586
-825292884
-747199170
-650769975
-600354318
-593400511
-534162972
-500307874
-470092084
-432197502
-387027748
-354667204
-313952292
-263436444
-167232306
-93192355
-80216006
-73892363
-72467319
-62778277
961932043
-1731278739
159612433
-1206026106
1033667154
1293117589
-1998385216
-1176749777
1544624896
-928766424
-1497686806
-852349484
353032172
2116384826
1413712171
2136497526
343405216
12278907
-1372323196
-421324685
1119611397
1616480862
-1579723362
-1527779187
1093648240
1569369547
-864797364
-1830290031
-1627055533
-1810332531
1916060676
-450747590
-1514686069
1925666550
-1287026378
89752582
-1014912359
-521183517
-937093744
-288494802
-642185588
-259910897
-241542628
-207289000
1828126955
-354180346
-692963189
2146289394
1605257300
-1330185877
-1887810480
77859470
1551874268
-677085719
-437555148
632855711
-857019860
-34923290
-1708352904
-2007012397
1874331138
319243908
-835790570
-1397467053
-945860583
1706719399
-467396381
423216560
1602144987
1686118231
-1378126059
-957032253
-903512505
1400544351
847002779
-526758775
301440441
-1010817848
490766511
183582308
1641976242
1965649912
1582149029
895615603
243634451
566064151
712839576
1264874884
1650417671
-1948654449
-1689927295
-1546534969
-1298490659
-351127625
-144930888
950481840
73316609
1724751481
593372077
1970884925
-561855281
-821583367
1634628275
-1272908703
761976558
119275678
-1469231650
1325730821
1814917164
-1636531420
959081719
1376109345
387142135
-1080487476
-124988799
-183874161
1389338862
-1137410591
-203887586
2062283584
-2083358249
445297989
146653626
-880135649
2062326165
-1649043239
1901336655
-18128106
245723323
1703816282
-826044709
-1189289691
1468301405
-146547418
-406024708
1876319836
-557586710
1661897407
358126734
-1714462193
85893894
92450965
-1688759336
673697170
-607297917
1843523704
224115456
765959128
537933192
1690738215
449503042
192780870
-1644779978
1067924695
1714868832
731844488
-432781401
1282212637
-2099274259
-870348540
520375135
-977365887
-432362723
1115797789
125701518
146747990
127534324
-323598250
-865129848
2016131302
-1244550448
437470447
1380225324
923123681
-388466019
2077756181
1963174959
1920538256
-1942139795
-179946740
1836706558
-1082609593
-995398830
-782807125
-1463215927
-1246676481
1852625148
480296645
102735820
-1302563305
-1681634946
-1141019758
1660594492
1019364878
-2084696145
1996279109
-664229424
2129965050
-1303341132
-152421909
2048502126
1753572313
1308215253
1355819058
-17318841
953259210
-1081182799
1164051041
-2014528824
-9453629
-876780390
-945703966
640978934
-154534046
716862499
-836169047
-1250114371
-1216534033
-981572116
-550963222
2078244543
1965274264
1377290829
1683939041
-58762276
-576387831
979015032
-189656269
328343946
-439387830
1827587192
-215535610
1287378363
-910999437
-699748475
-2021996302
700898586
73541419
-221425781
-1271308287
-1882156221
-1367664242
-401625898
-1408352235
-811032566
155399780
-636777139
1883453497
797410225
-209087634
139212903
980676383
785096639
2054255514
636888145
1518046163
-47428373
616482439
-855898232
-1118003066
1113748544
-1083493787
310211574
-1934735278
1411433972
-1531329643
631012246
-1262044937
1456462545
600786385
774324884
-1362990809
87379436
-1907478133
2107827613
888104782
-350174133
-331589463
-1916938756
1118450748
-98775256
1677633833
748591837
-1831223794
1998341089
1267759494
1780690736
1298253481
128072463
-1793935373
-1333641522
-314655307
687747376
77148664
1112059316
-1016309449
1895414186
-2076222564
146467882
-1147713609
-1704420545
-2082534074
-1427892027
921332808
148851736
1404889218
-2128716831
1019370196
872810671
-196656890
-1826784614
-1125396589
1296189132
1385659234
-1827035998
621390226
-672974082
-246661133
-1262158003
-1018877175
974187606
-1409455653
373456326
463676259
828194394
2010664285
107651790
2067334379
269921085
211184060
1083656667
657683939
8468065
1033367657
1808353432
-1571724048
923437588
509837259
1967968285
321736479
2013454537
-846279240
945503288
-190932705
1251026083
1614251513
-1982419039
-1786469509
-1581688263
-356474886
1982757105
-1598889234
-1396060784
-1043536362
-1036048603
-799398635
-216244728
160399377
1083599709
1443761067
1712243859
1728551410
-758700053
-122004843
-935682858
-1558891776
-1195186750
-989571004
1045862252
1939748455
-1370317795
908224637
1563312684
906096122
728272237
-84771169
-1309098134
-295550517
-597731380
-1032035186
645397965
-127329402
-1824082864
-1174051540
557284433
-1402229017
1079548021
-872893760
1488774631
1172758107
784953741
1354192791
-621420459
66871370
-1400033212
1315734712
1588964858
899285548
-407730733
894764392
-628051417
335761210
999920635
539674444
1258645658
776166490
125424819
-507833217
-1955045232
-271835408
-51989920
-717247378
-1106246728
-1279077385
-1075872598
-1726366953
194775121
-77283388
-1417346035
1680244846
1449003851
448860488
11767878
1870607878
-734575996
1018738302
-1608250762
-230105383
833106433
281545354
151418312
1603991313
-2079736725
121070862
1104654934
1907080927
21885718
1261593073
767759223
-1024968728
616491758
897972488
723998586
-1916938775
-1364281011
1439804066
-805689115
403811243
-1113949819
697800618
1428723499
967282697
-1084920143
-1466309731
-448107009
-1186863872
1011330084
2025947001
-574587366
908121363
954810616
1637417250
-376941428
1596779655
840051307
-2085745584
1728000581
-850418118
-2083124057
-1787733312
-714676326
248446267
235121754
1076844369
-349531464
-1930477881
657756428
-468475688
102332126
-286356942
-73548976
-565326969
-316414017
-556683395
1900486079
-1783694610
180799898
-1035124680
-2117518610
-1623173525
-456889580
835194943
-1108838916
1533142684
-1539431187
-501038948
-2117325413
-2140670371
434582471
-440481763
1879094687
936942018
466917305
-1978469108
1816806729
1468279945
-135329498
-1981952486
361979851
-36405002
-1391515320
-101681252
1390302926
334563921
-2031836598
-121974140
-1022736241
-281315137
-182570991
1672577726
-1399274929
-332490271
1444766355
-828839086
-495359963
-1563479157
-1288414095
1797474055
1398822402
870073041
-1003908801
1307343947
1164686898
1996083735
1055203858
1494552482
-1119612882
583112652
-654847772
559837218
-235785626
1596150587
1034786411
-1282623115
-239731030
1530757025
-123266579
485123800
-1653530877
1376505010
2019041761
1497649755
-333846226
1148886176
1707570750
2067868993
-344962408
-437084237
1012341663
-1911906142
-1355153713
-823390522
-1768096731
-233248475
1637862913
1505535053
351272750
1720454273
-1857950072
1120644594
1648573307
359225865
-1476270833
-692603294
2053320690
1485627099
-1806481
572303691
97081316
-1999838805
-540153718
1061117484
-1859234572
-237402283
370389635
1004607795
-1806737806
2083913802
-241608548
852994592
347104894
653485060
824315234
-1432829112
-1980124612
1442734364
-533621019
-796057400
-163538249
-1493331335
1521728503
-1512013748
-247233931
-697605544
-1497950734
-429088761
344630045
1907094223
16900886
2135008249
819521310
-1722419859
1204974161
-676045049
-1560589133
414232238
480214149
1546200875
-2126804247
-549329424
981243646
2060111184
-1142858279
976536577
-1696372173
-621875097
-1791094215
-662839372
1803734010
1706537850
471603466
-831775935
378108709
736285064
1308475368
1250301091
1120356150
1969419862
321089424
376652263
83363725
1486023565
-506381969
222098728
1256829912
392576311
-889859636
657563288
682202915
-388046103
2101378837
1427410471
182365669
-485869019
1917293274
-981114531
606881514
-12660438
718143371
1123335652
1565732219
1488749413
-809905809
-965313010
1641093480
114234520
1658266135
123694725
702298454
-941226989
718930473
-38182347
-1058149816
-1286027169
633656490
-1464817306
-872376577
-1334194473
-1306505176
1617871817
-985941555
-664741464
1988417530
-1063875323
932646189
3139475
881931858
980451765
-559489485
1955671007
999284945
635599918
-1764217888
-1693745715
1959385234
2075876969
285434520
-2123799238
-217562011
-1566261773
-394614762
1593913871
614255793
-1496694223
-1260669468
-1845910714
469517854
-722009601
428710100
740854184
704034989
-1154784430
-738105452
-264519934
-1415268579
-1644922397
-208944262
1996862935
-1334723024
-1254215605
60026524
-814379112
-612415742
521518504
-6866016
-660211153
64724268
-229190892
-1284717145
49429296
-158921569
1499766429
-750626832
432368727
1225326052
79715567
-2011932419
965387882
-998368250
460381196
-749807735
-543295604
1006055353
-1899583115
794659347
2121560948
65758116
-285334048
-903249252
155392751
-704611238
-1740373802
-394076641
1474433560
872639582
522418595
-1266162494
1026170869
28430324
455192800
-2027569830
-1649032626
1102487982
-1960571103
-613537944
389234207
-162139680
-623852138
195701094
1464477679
-145880044
-2135077038
1178816211
887591700
654501344
1353464730
-912038843
-1534927919
1955346341
421161089
1335117942
985548198
800591300
-471526221
800965769
-1179923114
104874387
422372184
-2133576899
-2022797178
-853765578
-2009019026
-830515297
111897660
1083504333
-1645464451
-2050005790
333016381
161487368
205424280
249215417
333416705
830470136
944242837
1037474821
1578575882
1783293519
2039710415
-1790182481
-1683908687
-1495210287
-1424401368
-1344859716
-1139291432
-1080988070
-662480220
-108686785
1126805637
-2019314922
-650162525
1075830649
724594863
1148007324
2049466850
285724212
162418809
2141735144
46506954
-1514313215
-2147087186
-1130994879
-442213361
1076723274
-656603578
1247760893
-742574084
305391676
-1962568996
-1604545784
1084926897
1859547832
-557706025
1660729279
1665535763
1528131407
-959028639
-1043499416
753616803
699370988
1599688252
1202753899
-907162564
-90562783
-2112579903
118793476
-559665138
81292991
804618573
-2121568402
623265246
1390533600
-1619309544
-539092972
2013113987
-504844205
939226976
943338937
138127214
1307371039
124036500
303507542
1904319657
728728854
1696037946
-1145921763
202054942
1283550500
631949091
-659088784
-91848675
-1059417569
-1068376065
1890249450
1988493086
-165674809
-1429648717
1692956142
2111815829
1682839028
2055822732
-590996981
-793529196
1831036569
2000356356
1071021453
-1426909966
1697857206
-1748627522
-1301872765
1270208352
-786668853
806245334
-831481873
1165036469
-698479354
1078461657
1977191866
-1098555873
942440067
-1095234515
348272431
2146277625
1204964458
-181401699
-1642092469
1456826289
-1292973331
1935676717
-1249057844
-321068867
82877135
1043483501
-744276228
-1961893844
-1343463928
-301000333
-3641075
-592947243
1617678416
-108415407
-21272896
559150684
-1273580872
-549905042
58287639
-862154554
943900676
-2122553872
-1991507268
-2074084917
1406943308
1957026208
1901877451
-156506346
1333473274
-1079308815
415108439
305956229
-1679903685
-1593823598
1023039930
-489959818
622869899
1419349728
1940077810
1683805397
-45648064
1056481096
-2048897203
-1643565056
-1586693038
-1508275725
-586294903
466871613
-1142020072
1656986326
544487402
-939091784
-1947812208
-988440086
-666954927
-875004203
887310805
-702502915
-1252955295
591880894
794756843
1252581720
1380151986
-1725980393
-1246075098
-643261061
-348929474
37274454
755205537
-1156215682
586942108
791334100
1659006431
1996093473
2145869159
-1447117190
-462020751
1491163701
-109414061
-401649535
-2094989481
859676209
1176783355
-371537402
-1646119606
724844759
-686014446
182737331
-313837840
-389843502
-1672865065
-1159502411
-1533512624
1884346448
-339164288
-960134508
-1229529457
1488218684
-828218397
415782060
546380587
635712942
658874748
767734423
1031028437
1079403230
1324902933
1457325683
1703540368
1840885606
1891409886
2010913289
2094016102
-1494909757
-1142928261
-1062709322
-582286080
-223985905
-165089936
-146397931
-12153997
-507597947
480753393
-165098217
-1065010301
-387666368
1418155529
-214278120
-566517945
-4155557
-729051509
-525286436
2119984984
1999149642
1873109456
-1311644536
721470216
1864913998
1458214007
265285114
-1137388212
-884369222
1356516420
-1255296443
-570286701
2042910923
956279672
1008671216
-1337843735
862681320
705668345
1092619055
-466206323
-1478640188
-1578303306
-1730497892
-663538438
-1629350102
73947881
2031774401
1940403179
-1765075920
-2018103913
295707720
138583794
179632556
231388716
309797295
313304403
325465292
351283582
393439157
715881294
762265771
812281875
830470136
892384895
934169590
947046888
961932043
1080855437
1252581720
1414174866
1537408210
1576390001
1609734539
1621615008
1734597189
1749922485
1783293519
1815081162
1836676140
1899158552
1902665341
1940150034
2003342689
2053565181
2086894364
2107822360
-2058148899
-2052759153
-1971374461
-1959765976
-1849302403
-1761018804
-1753869204
-1731278739
-1697730059
-1643789732
-1612869669
-1500848603
-1499590927
-1424401368
-1413628520
-1409601019
-1405154848
-1372220090
-1321584296
-1224867139
-1123686247
-1080988070
-979361661
-835012351
-809313510
-728630014
-687815872
-531329220
-503863061
-432827634
-348929474
-235083825
-131687555
-66494612
-51210157
-6315059
-326518765
1398990093
2041953557
1221083338
-1991860470
1688698462
2010810127
-1236542481
103410336
-945343136
-291757853
-1196624290
789774115
678723448
439479525
-608226523
770611072
856357222
-226220378
-1427595417
1801863335
-1746489494
634057218
-419123970
-503497889
-625531935
1571480382
777822734
1030061021
1859537006
-1771623011
-34742325
427041296
1390596347
714799536
-433650630
2114691276
-1081304387
1565868312
-292150873
112747439
1883592840
1343404651
-1881096413
354500158
1921924394
1590678976
-1952143185
1244297071
743997275
1708313734
-101300101
-709980461
-1135445808
-402471226
1316343154
-741102719
-1191443369
-2115611119
-114713437
-1959433778
1148493821
1808018238
1577169596
-1002629334
646474053
-1997716077
120887162
1638306907
-1145430329
230173059
-1957804273
197631684
-291345603
1686638663
262651793
1728162671
-1951070128
784126181
1167294259
1809661625
-1434729588
2105202902
-175659501
-1405082010
35640013
820510470
120890112
989267069
527198597
1130407089
-1302261692
1714169949
1579119831
700896412
-778307163
2023301623
2100478537
2134046052
40935887
1039397138
-2132214106
-1922000522
-1702454698
-1598425342
-1207392126
-555548466
-502839250
-494875598
-1654368883
-1514224294
1041991989
1233476549
-54301390
951497681
1765641762
1439445002
1055104988
-937339177
-412563750
-1723562374
165935948
-722188212
-1076107366
1715215319
559331464
-574456017
-730512579
-1509110929
-1410683401
-1717397367
-1329621423
-1465807335
-584586753
1236716202
-990166348
-1537351600
-1756194764
1064494409
-594202124
1928027739
-145785964
-2010509353
958633098
-1481896005
-799047754
1436178163
-2079950363
2085806593
-1787096164
1382430685
363024097
-1240867781
1955046253
-1579237425
341447923
732162301
214223592
463609313
-1194443001
-1768090448
-1882547432
2005932242
-1939938989
1163410151
-1676658817
1195571287
-348025412
-1551930740
-669229776
1188054524
-1567809283
1564057706
1255001512
-212782597
-214559168
245942670
1748441434
558711354
-490722714
1587567957
1708326442
1523868005
-892806228
-1991630839
-2105717557
-369245351
-2062497452
958852848
1043044273
-712457639
-202041232
-560378680
967092415
964833060
-1695923279
-14162159
872137867
-498914799
-534339429
-880042269
-245642526
1407780305
1105216672
-1172029276
-285211482
1016447438
-1923892618
348827389
-796649650
-1568863301
17591409
-1951023287
275842568
69661873
-425459244
-268698592
899329809
2007089771
-1115400109
1207960958
-1455058699
2093324773
33617820
274433637
-1702192440
-902456881
-1808932701
210998077
1056874649
-979135724
48107498
-328521754
329475475
1438312501
-1531396123
-1027286490
139666670
-1385031919
250212920
931360047
1075870393
212656608
25984409
-860755440
-1494540058
431068391
-959171644
1593344778
1024237866
-1389558034
1375210808
1983560475
-499254445
719833050
-1257318094
1731159761
-28835381
-888784691
1069997579
-1463234400
753712947
196173284
76619635
1529106381
-881988466
1435830477
-864588084
-71619421
-1540053145
63147046
-126625679
-180050769
-103346305
-2087030065
432373380
-1073790157
-1455661128
642355690
937542587
1715359211
219275837
-1127281236
-944768740
1557004743
-1277556357
1703144038
-1439307127
-1816799166
-124094572
1288751159
-1815134592
378359074
-1366193169
-977394631
1499025661
846659371
1982325640
259922393
-1531486242
-1278189272
916401129
1571849279
469711485
-437673209
-1449116226
1868168689
1963908141
-728367285
-1932249109
-1139351990
909779409
-381487126
-2106763204
-1511263376
-500891901
160164056
-1047456505
1775074715
1687219927
-533679541
767082950
695741606
1577221793
-1596307605
233542742
-345595139
1258127771
2007100307
479085637
576858487
-265348198
-93064530
1740204108
-554798165
1360028395
-1751055689
-1286806341
659366334
1281527400
-874956793
564505529
1327184457
-541147407
-1866030866
991981711
1787569400
27495214
-1195563417
2047768009
2136589529
-1195944839
294114149
1522304423
-1574168148
292492375
1969860233
-94075680
1892623948
1080518148
-2009633174
-163603395
1712510974
-1147406367
1123382905
131224050
-727978932
1888901878
823884666
-1019753724
1953291379
1919439520
918872003
-1224982195
-573313381
694472004
-1317659738
-1996806301
1110550945
-1443095720
-224469526
-775844349
516764834
1180452649
1104858642
-1231734247
701482880
1924841241
-752771969
763258256
1179765318
-130862711
-2076641991
-959324912
1654146095
1580160270
-1447500730
1472663677
-1898204958
-718094920
-1105390994
-700092332
-1094508323
-1744444696
1491117189
-1818349201
-242142803
1128530555
-1212428108
1732374682
1551573340
-35651014
-99865880
1536625038
1846143595
-270533748
-1922561896
-1888430864
3460615
-686002895
595303355
408771330
-936694786
-253193919
1854158858
-1467733888
1321163088
-84802682
-684306196
-1360138339
1875606485
494979929
1877726967
-842277116
1795282780
1126805637
-2019314922
-650162525
1075830649
724594863
1148007324
2049466850
285724212
162418809
2141735144
46506954
-1514313215
-2147087186
-1130994879
-442213361
1076723274
-656603578
-1981335136
1247760893
-742574084
305391676
-1962568996
-1604545784
1084926897
1859547832
-557706025
1660729279
1665535763
1528131407
-959028639
-1043499416
753616803
699370988
1599688252
1202753899
-907162564
-90562783
-2112579903
118793476
-559665138
81292991
804618573
-2121568402
623265246
1390533600
-1619309544
-539092972
2013113987
-504844205
939226976
943338937
138127214
1307371039
124036500
303507542
1904319657
728728854
1696037946
-1145921763
202054942
1283550500
631949091
-659088784
-91848675
-1059417569
-1068376065
950481840
1890249450
1988493086
-165674809
-1429648717
1692956142
2111815829
1325394571
1682839028
2055822732
-590996981
-793529196
1831036569
2000356356
1071021453
-1426909966
1697857206
1296189132
-1748627522
-1301872765
-1223135453
-667411273
-975880444
-2136935671
-1106859965
-1533046301
-810533323
-890461680
677580363
692947166
-1892162773
1059169574
-1291547097
939646616
-287739161
-123915025
-2082756828
907501345
1496654784
-588538256
-747706742
2070579674
1352754087
-1783604458
862408726
38489205
772866578
-423210591
950479343
-629305205
408656610
497571051
1744774396
-588497289
882958776
426444499
804408004
-1268199629
194015115
403595343
-483067145
1009675376
892834735
-948776942
885693108
-1681449957
-1176997712
783520943
592460162
-1312961905
-1034463131
-318833648
-2070574859
-1531905984
-1715823622
-1172392227
-444575922
-1625249112
1825766958
1363007955
-1465843247
642859706
99970973
-786668853
806245334
-831481873
1165036469
1178816211
887591700
654501344
1353464730
-912038843
-1534927919
1955346341
421161089
1335117942
985548198
2010850850
1478170832
1982213945
731549690
-1114864091
144507326
257993497
362295558
642342007
1049145732
1061743661
1122429638
1133391249
1163239605
1169357106
1172518243
1325680330
1431812675
1481674765
1716751360
2088963182
2092500704
2136981957
-1911983344
-1827912792
-1723865191
-1647334908
-1643419162
-1603361571
-1520770256
-1281509372
-1274867104
-1010707941
-1009312176
-943149210
-897981487
-825773627
-624030380
-557522269
-501936393
-478295648
-461892091
-114762768
-1168883741
466558085
707200536
-1940910676
1240937250
-70536908
1515229778
-276809578
-75028948
1243207867
2098418818
-863131115
-1236302041
131168688
-1421166689
485460561
1353036167
2013114697
-1171092935
870246279
717638593
1512351380
-261246040
-21824604
-1853496208
1951486257
-2097739702
-692748014
598446263
-988002943
-684507187
-756185364
-1297053984
1840283123
1202532169
1766739632
599474063
517777592
-1296820424
-644106002
-1918550833
640933162
835813214
899305997
-654091658
-1421213162
1058800013
-861522864
956805700
1099153666
1844898764
-199979571
1905681762
1263921687
1368826620
-1938731934
-2053597844
2026352823
1453907970
1533662815
1313276816
1702940835
-2138085228
-1794541123
-788290970
-1502126055
-1437146480
-1327560065
-1083150907
-846807499
-557204163
-457331786
-312928857
-23929267
-2084702471
-1363070202
2066127301
1532294985
-1859128851
311516124
1036265739
1615694791
-428623923
492349271
-188639678
1495834763
-2132068050
-2067891954
458126657
-103973034
1876335822
648821183
1853863522
841286263
-434622082
1859100029
-1074970683
2078947983
1080525976
-284659270
-971557615
137178063
1533036319
99247182
-247072619
-1307050017
-1316859157
49235753
-1717401967
1640369671
-1232637556
-1442138042
461552700
207931189
-911562599
2106373705
-1872863779
-2005777815
1634609802
-1481917641
-672402506
1515961210
1158857900
-1905804683
-1037882929
1501208194
-757780434
543858506
510417959
-1689514284
867877266
-1694653762
1499966931
954147979
479259376
-2062202811
1796093952
1628810359
1696924044
-606456155
2055853688
-31036982
-385607222
84002218
451157141
-145782856
916865222
1086963313
230929080
237507611
-387281830
-1670125796
1637290134
978253893
-522244557
-2026959420
1020834755
1431489640
1285350117
-1124671973
-1960074013
-1036506333
-190701074
-726281490
362064177
399011058
257844984
159312613
-1880450997
1152797678
1504934742
-1829787405
343661149
-551089672
779205421
-450008952
1409996502
-1487004343
-313963497
538290092
931493070
1398348825
1371992816
-1108827282
-1349837748
-134109461
854708337
-1136916015
-841312977
-1657357986
1423723343
2119475579
265371338
542704697
-1141874901
-1708304499
-353456858
30455993
-1049024909
414458332
-1063263715
-215070360
-1250874130
2019959339
-1381365203
835313099
-1806213676
946780031
-1540801496
-869187961
-1973609254
-346749881
-156738424
1136647269
1129594341
198040815
110390439
-255491718
1995706424
-1158561593
-1843379222
-21701099
-605356444
-1477445794
2001038121
1857927431
-397460195
703204132
1350456653
1129022053
1765189795
-1563485773
-1700684147
1919561121
-1007365322
1158914406
1907072047
-63601557
1683413980
-1152904030
-2008119076
303516236
2033771930
-1033169234
-3122644
-1795164678
-1984821725
-492983819
-480172278
-30616365
-1794934011
1685395011
257603989
284032972
2076332058
-1958169693
-530113419
-53059245
-1745236347
1735601468
207389418
367505997
2127043995
-1908212190
-445820428
576940192
2047392996
-89536760
-2094985266
-401694696
-308443060
1048431058
1721864659
-1126384504
755384320
534325421
-898059603
-653884765
1232258016
15861940
439699930
-185925050
-334847540
1915047827
-634203335
1226656825
-833761654
928821285
-1740711247
-141776880
-1565763921
-799967119
-929808625
-1366880399
1293131450
1655104893
1619920654
-1776340686
233773336
-1925078510
1389969997
9588359
-1992809902
1876353689
2112085380
-607195656
1850903416
-100361635
1011666338
859733107
-1324857282
1893588561
-591129469
-1158940868
-1440715519
421432116
960074573
1305555912
1367570772
-375198491
-1103482924
-1642252371
671182431
-2131575766
1590608155
-460808990
-1319425186
1618611110
-1172273497
1085585580
-381975076
-1507120013
229732519
-598307611
1422530736
-1666465452
1641630082
-1442525032
1334790121
1190060099
322232841
408070666
1699858381
2124654569
-415120920
756416844
476019561
227105520
1347080664
-702925265
-713477151
1960972423
-946391180
1004657508
-781777402
1043706087
-551830909
810093666
-48774455
436543818
-998010298
1911192333
1082663190
-159185554
559255687
-700394477
-1929289998
-1169713490
-1932128602
-741200917
531215669
-169683273
-161200891
-1506676146
-1764520713
129953080
-1953773845
1375163528
-534029168
1313429691
1153077345
1445383049
474253236
-2052660811
1143488117
1829972982
-1398934474
16489037
-1452126538
149515728
79722022
-1008164379
146043456
1165808459
-1956646713
-1414843462
-1189466156
394008457
-1565791599
-622345179
1401297705
-1483291546
-1704263081
486502649
1611485198
96918412
1463681024
1682078212
2125847346
1161656760
-111974273
-622331354
-1674292423
770169616
-29214547
902241041
1774538362
-1744722794
-923627760
2099812980
879911133
2048928223
1359336153
146060974
-1023597025
-570723822
-310870467
1000650665
-773733262
-338200158
-1036437353
21760693
-1945299437
799610439
-585341586
-415527075
-1730871460
-320310257
-1863283565
-1987560674
1080449995
919800346
-885634568
-1025379053
1166708687
-1590651017
140567399
-931061001
656970961
1047172626
-1878186447
2128895570
1576977453
-1562806337
203083484
-1553345573
-1915346120
-2132415979
1461735286
1393905908
-651794150
-287316325
-822392352
-499364981
2114285089
1902487977
-402649379
-1308005602
-78071305
755624115
1807394908
1820739727
-1249413636
-1170179353
-781200079
351653506
-581833481
1206295357
1045491196
-1938621012
-834255214
1020569637
-216227326
-1096421568
-864504565
1874082790
1597974872
567801195
27928060
1780637459
-397374954
-215449579
235324984
-969363622
1252613051
1837653814
-2042881174
-115228630
2006089538
-1677753964
1970673574
130437383
1827274449
791425650
-1584643600
1185164275
-1354532387
1377055995
692757125
-2011318229
-1905336783
-884511281
283367315
584805576
-1881736292
1918872208
-1208966066
-1166031742
-630097599
1022080556
1133715264
1773441384
-1190513242
1349055107
1166727787
-1734307684
2000853961
-1585646729
-1950190588
1247154504
-1106705551
-487144283
1545707153
-161195613
1327082342
1206227870
-1177737106
-1998918898
-1768343656
-1060622640
-1494863626
-2139867213
264061334
-1479987744
1176093681
110452642
2078182611
-1092488401
-1607835079
-1883004775
1940061426
-2097651873
-774682777
-1208232424
769978729
-664173009
-1010216011
-2124831469
-85731954
852090318
-1020129030
-353881101
-1221888891
2130803909
-1896173071
-1491037448
1634899864
-1453809704
1487098604
1903784421
-404298442
801959286
-566812606
-135462069
-1439808451
1644448893
-1811971767
-1171938752
2088216352
-1268928672
1168532052
1820082525
1170251810
820137535
311542978
1750213568
-1017851252
-1233765231
-1811564948
-288992914
-1902349433
-71393894
-640870553
-1559302043
-571702202
365333510
-465747662
-840474053
750401171
-460308781
359396327
1018286318
380655587
-560308317
794923671
112963998
2077227745
-2021328501
657072073
-1737125879
-1253286838
-1821028700
-1549700525
226619975
1979224398
-606596774
-1248927527
597223686
94209947
99247410
136252783
150821774
300573572
351283582
418338186
438747209
447629276
491327574
525274730
584255161
661196132
1004211840
1116457426
1118088762
1124974372
1210238009
1264731844
1287894398
1311942641
1387265776
1414174866
1428681857
1430254296
1488668742
1514282534
1638324617
1668113865
1674102940
1676813291
1683607938
1700627765
1810478815
1835628840
1899158552
1926969153
1956678291
2003342689
2051136733
-2088888420
-2022387404
-1971374461
-1966685698
-1952678041
-1799432435
-1795395092
-1762302895
-1674454400
-1666824465
-1657957874
-1636096220
-1571721070
-1414732794
-1406345701
-1356637401
-1348420910
-1114211165
-1040759559
-917305194
-908116613
-826886505
-760654269
-743209425
-580501105
-546928258
-542250883
-427866918
-326605236
-291699333
-258928911
-235083825
-221488721
-188950553
-174702875
-123121317
-104539065
-1589522556
254678220
1677835034
-1437281217
-1657091220
-204839209
-2113952643
1522800006
-84191356
-402471226
1316343154
-741102719
-1191443369
-2115611119
-114713437
-1959433778
1148493821
1808018238
1577169596
-1002629334
646474053
-1997716077
120887162
-326518765
1398990093
2041953557
1221083338
-1991860470
1688698462
2010810127
-1236542481
103410336
-945343136
-291757853
-1196624290
789774115
678723448
439479525
-608226523
770611072
856357222
-226220378
-1427595417
1801863335
-1746489494
634057218
-419123970
-503497889
-625531935
1571480382
777822734
1030061021
1859537006
-1771623011
-34742325
427041296
1390596347
246858760
-1355946130
-1899821282
1570124864
636289260
-135588024
-1752263616
286975726
-632933045
-1545253875
-361226780
2050774629
-419064489
384224944
-1263967586
2107827613
160610382
-1871651249
-862090150
-856532402
1878294351
-312960427
852442561
-1823203673
-804500519
1101366602
1795282780
1794575720
-937890739
1578034578
46424582
126493529
445584353
634074062
953025398
1464316650
1745064645
1963369085
-1675927217
-1554038432
-1431020810
-1101368872
-912739933
-858328836
-774651836
-292036501
-208482093
-1284855388
-783800162
-130214673
333185396
-2050357077
202563298
605204086
822157272
957849294
1008083014
1022610095
1130686205
1261640603
1775898493
1781443352
1960787909
1982340152
1997840781
-1865502460
-1790915506
-1705662715
-1698832486
-1591301223
-1568219944
-1532438829
-1328778649
-1109413913
-659018536
-280068653
-272290374
-229946005
-150245417
1571114657
1300412143
-1137304310
-686181668
-735626041
-976706688
-2107057840
1442173312
1354249136
999791718
972791814
-1882917592
-183320268
-1527631619
549916792
-1637161733
-665485814
108885611
1375610981
-941088326
172181766
410835958
661582247
1355785021
1437891325
2055484246
-2081580576
-1628919464
-1277984320
-752875437
-1060822792
-568450028
-722887819
-1292982740
620277747
136252783
249725277
300573572
351283582
447629276
747748332
831818580
1116457426
1118088762
1127302104
1362251778
1414174866
1430254296
1488668742
1539122384
1633229543
1638324617
1676813291
1683607938
1700627765
1835628840
1899158552
1926969153
2003342689
2113622461
-2022387404
-1971374461
-1952678041
-1918789694
-1762302895
-1674454400
-1657957874
-1442461374
-1414732794
-1406345701
-1348420910
-1258626941
-1258102212
-1224672774
-1114211165
-1053485717
-908116613
-686260982
-542250883
-448051422
-429149588
-427866918
-405968823
-326605236
-257330332
-235083825
-123121317
-87533327
-33687282
-1589522556
254678220
1677835034
-1437281217
-1657091220
-204839209
-2113952643
1522800006
-84191356
1034615270
-977301394
-305030803
-1981335136
415751028
695741606
1829743607
1112538871
-339471330
-360851056
-1702139191
722834526
2012728514
-966184363
-1196624290
516625843
429906435
2041953557
-1622071043
743997275
235018668
-326518765
1119240897
2030657839
-539908843
344815280
-1843854306
-1932249109
-1139351990
115623489
1398990093
1221083338
-1991860470
1688698462
2010810127
-1236542481
103410336
-945343136
-291757853
789774115
678723448
439479525
-608226523
770611072
856357222
-226220378
-1427595417
1801863335
-1746489494
634057218
-419123970
-503497889
-625531935
1571480382
777822734
1030061021
1859537006
-1771623011
-34742325
427041296
1390596347
1916697163
153430125
720512248
89525255
-470092084
-1230284176
1887292842
681640414
-1280211191
1506075042
1286950688
-519595654
-1048326086
-1431535636
1718926664
-731581787
-994778575
-1778574443
1495773850
-1705944729
-174295853
701457427
232468011
66379833
1500811472
1380862104
1037831137
-1532547294
1839065652
-971449966
259425640
2091967727
2004745628
1252019703
1688081206
310613765
789114891
-1829383374
1009454238
1596448075
958654059
-681575870
1230899635
-1444890397
1197479358
188984953
-2096628323
-1957759179
1888901878
1386736798
-1666465452
-722568905
-363596520
694902013
636888145
639641290
-2082305953
1843908431
1077021826
436268638
-1710085876
-245931737
392353630
-2101270155
-1343463928
1113622406
2094706740
1251598893
259922393
165935948
-1531486242
-980259726
1601724709
-292150873
-191201885
1723832907
-711369384
-1583756568
-1928578269
-1353526215
-1597891347
52572758
1432078808
1236860494
735063844
-2102253889
695850927
1112963193
614931215
989816671
1016254307
1472028853
-1854358871
-957024391
-1478773080
-856417922
-1836074343
141728497
1667052839
-981498362
-557113878
-2081281264
1918872208
-662989335
1038587571
1592780615
-1543114574
1600864810
-1135469805
1703620466
986081725
1286617841
-241518056
-1925257935
1682183959
-74809201
980372533
1450626621
1334252963
1875292964
585074149
-143877097
-751431293
-52420835
-364316126
-1609195591
-1463234400
2111782964
-1951070128
-1954631266
-890796251
-419691984
305741479
-1691547454
1386519573
862408726
38489205
772866578
-423210591
950479343
-629305205
408656610
497571051
1744774396
-588497289
667907555
525524129
-826976617
1548466180
-2079600286
-525897402
613687908
-1801353897
763511916
-947989386
-750417968
969075175
-1345003464
63575122
1308800345
-2057410820
-929642505
-711723185
91444540
1436712105
-227833150
1373415641
502017786
472346497
-1976474018
698231209
882579729
1683392674
1903675636
-1935217053
-1358275833
-863723871
-707568474
-490538484
-3683660
1322656571
-862770248
642185035
1684809607
839924592
-114548124
-698831427
1997116976
-1901715916
795309288
-2084506028
366411659
136252783
300573572
351283582
447629276
551491829
584255161
1118088762
1264731844
1414174866
1513146475
1596935670
1638324617
1674102940
1676813291
1683607938
1760777204
1835628840
1899158552
1948392131
1956678291
1988345818
2003342689
2113622461
-1971374461
-1952678041
-1762302895
-1657957874
-1505007013
-1394981823
-1356637401
-1348420910
-1114211165
-1040759559
-908116613
-546928258
-542250883
-343684272
-326605236
-235083825
-156152405
-123121317
-104539065
-33687282
-1589522556
254678220
1677835034
-1437281217
-1657091220
-204839209
-2113952643
1522800006
-84191356
-326518765
1398990093
2041953557
1221083338
-1991860470
1688698462
2010810127
-1236542481
103410336
-945343136
-291757853
-1196624290
789774115
678723448
439479525
-608226523
770611072
856357222
-226220378
-1427595417
1801863335
-1746489494
634057218
-419123970
-503497889
-625531935
1571480382
777822734
1030061021
1859537006
-1771623011
-34742325
427041296
1390596347
1963908141
-728367285
-1932249109
-1139351990
909779409
-381487126
-2106763204
-1511263376
-500891901
160164056
-1047456505
1775074715
1687219927
-533679541
767082950
695741606
1577221793
-1596307605
233542742
-345595139
1258127771
2007100307
479085637
576858487
-265348198
-93064530
1740204108
-554798165
1360028395
-1751055689
-1286806341
659366334
1281527400
-874956793
564505529
1327184457
-541147407
-1866030866
1472663677
-1898204958
-718094920
-1105390994
-700092332
-1094508323
-1744444696
1491117189
-1818349201
-242142803
704330094
-1616729962
-1981335136
415751028
1829743607
1112538871
852442561
-1823203673
-804500519
-1822878971
-1463769404
-524204169
-1947277151
-1877523076
-1951070128
-1601415508
-878446214
1718037284
2053524360
-2032773881
519140994
-761552194
-1463234400
2113886108
768556082
414260008
1000093310
-1159995023
-2089915573
-1087767121
-1920189618
-192238040
312943613
-809734551
-1223135453
-667411273
-975880444
-2136935671
-1106859965
-1533046301
-810533323
-890461680
677580363
692947166
-1892162773
1059169574
1379008637
403595343
-483067145
1009675376
892834735
-948776942
885693108
-1681449957
-1176997712
783520943
-444575922
-1625249112
1825766958
1292209909
-223820920
-2115891410
2010850850
1478170832
1982213945
-253894312
1724639367
55544135
61692417
147636045
162039132
182982611
203570477
210285428
310034327
351283582
354520691
407207758
490668606
569738695
624968404
692432397
782750868
866313260
908282177
1009641147
1071024121
1072433992
1129514731
1179176789
1224700784
1266104872
1316343154
1414174866
1439183888
1539122384
1563159394
1638324617
1667769627
1668113865
1668248991
1679830669
1827606443
1869539935
1890295008
1899158552
1959271855
2003342689
2093743469
2113622461
2120893735
-2142134128
-2097387721
-1992420199
-1971374461
-1849498494
-1846022701
-1717466035
-1679991519
-1675077906
-1570902976
-1499659779
-1494530673
-1473010118
-1466416564
-1311129866
-1258626941
-1254713726
-1153557534
-1053485717
-1034476231
-1024174343
-712445648
-686260982
-685965178
-643306747
-608200244
-563557493
-448051422
-436533455
-402471226
-383281438
-354667204
-235083825
-227941009
-117557367
-89498872
-33687282
-7964758
-1589522556
254678220
1677835034
-1437281217
-1657091220
-204839209
-2113952643
1522800006
-84191356
1049788588
-368252853
1017796986
994472360
1320899969
2044465621
-1711176358
-1482892445
1269007405
546057211
602490451
1633268495
691698060
-428109889
61152029
650955592
-299208898
-1501718484
174003516
-2035264872
-460041793
-1223301120
-600160298
739055368
330298943
-352460419
-2092815969
-326518765
1398990093
2041953557
1221083338
-1991860470
1688698462
2010810127
-1236542481
103410336
-945343136
-291757853
-1196624290
789774115
678723448
439479525
-608226523
770611072
856357222
-226220378
-1427595417
1801863335
-1746489494
634057218
-419123970
-503497889
-625531935
1571480382
777822734
1030061021
1859537006
-1771623011
-34742325
427041296
1390596347
1916697163
153430125
-2070740502
603924993
778149930
-954308119
853333768
1509128414
-2147301542
-1771648713
235609348
109778583
1281927683
2111814563
1817791752
-1976670145
-630450947
1700627765
-1521692697
-877853960
-1602048722
1208506566
1863785671
8341653
704330094
-50187818
89525255
-470092084
-1230284176
1887292842
681640414
1855748868
-402126422
592763407
1045555895
1713015204
-918623985
-1171368324
-788399702
2061063554
-1951070128
1681222816
253412214
1809661625
47894789
375931911
-1837420437
760627890
-321348238
1194820840
1575253706
1864724355
-628203135
-1923989013
-427954627
1275667375
522601700
356832376
-1320594914
41048233
1767765887
-2099157619
-372323749
679773011
-1655871382
2122416098
729152095
2028204597
-11718118
-399613093
-1916678891
-459778709
-1913862690
1011843103
1460824950
-1570551650
525289841
316281198
1989057291
1910654968
1219810326
1238526852
-1604686668
-1005273591
-2075587950
1529106381
-881988466
-945860583
-71619421
1706719399
820510470
-467396381
-1463234400
423216560
-126625679
1602144987
1686118231
-623317818
1033667154
353032172
2116384826
1413712171
2136497526
343405216
-1998385216
12278907
-1372323196
-421324685
1119611397
1616480862
-1579723362
-1527779187
1093648240
1569369547
-1497686806
-864797364
-1830290031
-1627055533
-1810332531
1916060676
-450747590
-1514686069
1925666550
-1287026378
-1176749777
89752582
-1014912359
-521183517
-937093744
-288494802
-642185588
-259910897
-241542628
-207289000
1828126955
-354180346
-692963189
2146289394
1605257300
-1330185877
-1887810480
77859470
1551874268
-677085719
-437555148
632855711
-857019860
-34923290
-1708352904
-2007012397
1874331138
319243908
-835790570
-1397467053
1953291379
1919439520
918872003
-1378126059
-957032253
-1449226953
-1723105943
1293117589
1544624896
-928766424
-852349484
1963908141
-728367285
-1932249109
-1139351990
909779409
-381487126
-2106763204
-1511263376
-500891901
160164056
-1047456505
1775074715
1687219927
-533679541
767082950
695741606
1577221793
-1596307605
233542742
-345595139
1258127771
2007100307
479085637
576858487
-265348198
-93064530
1740204108
-554798165
1360028395
-1751055689
-1286806341
659366334
1281527400
-874956793
564505529
1327184457
-541147407
-1866030866
1472663677
-1898204958
-718094920
-1105390994
-700092332
-1094508323
-1744444696
1491117189
-1818349201
-242142803
408803269
392972019
-1225300587
1274166916
551391570
1918103379
-48632669
-1774828683
-552723992
1971359486
-2072090899
-615410111
1991710187
1881333266
-38582935
805377945
1529788495
-903512505
1400544351
847002779
-526758775
301440441
-1010817848
490766511
183582308
1641976242
1965649912
1582149029
895615603
243634451
566064151
712839576
1264874884
1650417671
-1948654449
-1689927295
-1546534969
-1298490659
-351127625
-144930888
950481840
73316609
1724751481
593372077
1970884925
-561855281
-821583367
639641290
1634628275
-1272908703
761976558
119275678
-1469231650
1325730821
1814917164
-1636531420
959081719
1376109345
387142135
-1080487476
-124988799
-183874161
1389338862
-1137410591
-203887586
2062283584
-2083358249
445297989
146653626
-880135649
2062326165
-1649043239
1901336655
-18128106
245723323
1703816282
-826044709
-1189289691
1468301405
-146547418
-406024708
1876319836
-557586710
1661897407
358126734
-1714462193
85893894
92450965
-1688759336
673697170
-607297917
1843523704
224115456
765959128
537933192
1690738215
449503042
192780870
-1644779978
1067924695
1714868832
731844488
-432781401
1282212637
-2099274259
-870348540
520375135
-977365887
-432362723
1115797789
125701518
146747990
127534324
-323598250
-865129848
2016131302
-1244550448
437470447
1380225324
923123681
-388466019
2077756181
1963174959
1920538256
-1942139795
-179946740
1836706558
-1082609593
-995398830
-782807125
-1463215927
-1246676481
1852625148
480296645
102735820
-1302563305
-1681634946
-1141019758
1660594492
1019364878
-2084696145
1996279109
-664229424
2129965050
-1303341132
-152421909
2048502126
1753572313
1308215253
1355819058
-17318841
953259210
-1081182799
1164051041
-2014528824
-9453629
-876780390
-945703966
640978934
-154534046
716862499
-836169047
-1250114371
-1216534033
-981572116
-550963222
2078244543
1965274264
1377290829
1683939041
-58762276
-576387831
979015032
-189656269
328343946
-439387830
1827587192
-215535610
1287378363
-910999437
-699748475
-2021996302
700898586
73541419
-221425781
-1271308287
-1882156221
-1367664242
-401625898
-1408352235
-811032566
155399780
-636777139
1883453497
797410225
-209087634
139212903
980676383
785096639
2080293431
1118450748
965788738
636888145
-722568905
1518046163
-47428373
616482439
-855898232
-1118003066
1113748544
-1083493787
310211574
-1934735278
1411433972
-1531329643
631012246
-1262044937
1456462545
600786385
-1710085876
774324884
-1362990809
87379436
-32984536
81676681
419837135
-1727443682
-331589463
844328221
1816848659
-245931737
-2086011658
-2123904196
687747376
77148664
1112059316
-1016309449
1895414186
-2076222564
146467882
-1147713609
-1704420545
-292150873
-2082534074
-1427892027
921332808
148851736
1404889218
-2128716831
1019370196
872810671
527198597
-196656890
-1622005606
-2087030065
-1073790157
-1544235450
-1488358118
-1223135453
-667411273
-975880444
-2136935671
-1106859965
-1533046301
-810533323
-890461680
677580363
692947166
-1892162773
1059169574
-264164150
-767864146
1045908871
629387604
-1740373802
-394076641
1474433560
872639582
403595343
-483067145
1009675376
892834735
-948776942
885693108
-1681449957
-1176997712
783520943
-444575922
-1625249112
1825766958
-1506248833
-1173408378
909883514
1568374859
-1524647519
1783488953
-1512582944
-1676954869
-1644887485
2010850850
1478170832
1982213945
2015324997
-301374822
17839198
34706976
266012895
477277228
640369873
733891374
844313237
970037624
1169869968
1240263968
1261442286
1546190139
1783851813
1929836649
1963044490
1990168531
2016627858
-2038568291
-1954117463
-1919087069
-1696145790
-1546477878
-1364506619
-1279610284
-1146020989
-1024260136
-712401225
-684818551
-590401487
-575192137
-571976840
-526402399
-408577263
-322496117
-142273954
1998021333
-285932332
796646164
269322423
701623132
-809788038
1510308712
-737444790
1867036639
-712849230
-371407503
1393998364
-2129692518
-1317000571
127601204
924080171
1834253407
-79530624
61692417
85711168
100249215
147636045
171442158
174003516
220259893
224479616
351283582
374964086
412158535
531220204
692429853
695800026
790100042
794756843
847644820
876647589
946615961
967839194
1091550885
1099642567
1102919833
1132614878
1252599264
1414174866
1517639848
1539122384
1546662715
1549922167
1622571599
1679604615
1686963478
1700627765
1743996908
1811284486
1817791752
1899158552
2003342689
2038015374
2038969774
2102205913
2111814563
2137375785
-2142134128
-2112613999
-2073170510
-2066993076
-2035264872
-2032297407
-1998682245
-1976670145
-1971374461
-1965562526
-1905623144
-1894900882
-1849498494
-1826034923
-1769824888
-1717466035
-1521692697
-1501718484
-1450997020
-1345202509
-1338031305
-1318717560
-1306167765
-1294670325
-1258626941
-1056717159
-1053485717
-954308119
-954252183
-834204955
-789424165
-736691461
-692192815
-686260982
-643261061
-641053209
-630450947
-580563494
-563557493
-501647432
-460041793
-448051422
-441924397
-312315736
-299208898
-235083825
-227941009
-195318325
-106038173
-98170954
-93192355
-58181232
-14924032
1049788588
-368252853
1017796986
994472360
1320899969
2044465621
-1711176358
-1482892445
1269007405
546057211
602490451
1633268495
691698060
-428109889
61152029
650955592
853333768
1509128414
-2147301542
-1771648713
235609348
-2092815969
-1223301120
-600160298
739055368
330298943
-352460419
109778583
-877853960
-1602048722
1208506566
1863785671
8341653
2050227311
-876863
-986975361
852442561
-1823203673
-804500519
-61964386
21056743
-634327477
-1323351651
-722487523
-512660255
-2086960220
145528438
-364020035
-2124230293
478193906
1377399254
-384554500
-60764368
-1756405530
1576951853
-114738161
1637789879
-326518765
1398990093
2041953557
1221083338
-1991860470
1688698462
2010810127
-1236542481
103410336
-945343136
-291757853
-1196624290
789774115
678723448
439479525
-608226523
770611072
856357222
-226220378
-1427595417
1801863335
-1746489494
634057218
-419123970
-503497889
-625531935
1571480382
777822734
1030061021
1859537006
-1771623011
-34742325
427041296
1390596347
1916697163
153430125
193514765
-1074398216
-854405346
-171210296
1846631073
2097295474
-1306820176
695741606
-1308688168
881849118
-1083999033
-670865968
1703451079
1283136983
2034717205
1682072237
-1356943096
704330094
1998021333
-285932332
796646164
104910487
-942796457
1579972438
-1616729962
-1415136275
1886253959
-402471226
1316343154
-741102719
-1191443369
-2115611119
-114713437
-1959433778
1148493821
1808018238
1577169596
-1002629334
646474053
-1997716077
-707485868
-292150873
-1377990877
720376779
988115696
2061875243
2051136733
525274730
1727702247
-472024581
-246661133
-1262158003
-1018877175
974187606
-1409455653
373456326
463676259
828194394
2010664285
107651790
2067334379
269921085
211184060
950481840
1083656667
657683939
8468065
1033367657
1808353432
-1571724048
923437588
509837259
1967968285
-1951070128
321736479
2013454537
-846279240
945503288
-190932705
1251026083
1614251513
1731159761
-1982419039
-1786469509
-1581688263
743997275
-356474886
1982757105
1809661625
-1598889234
-1396060784
-1463234400
-1043536362
-71619421
-1036048603
-799398635
-1826784614
-216244728
1900650430
160399377
1083599709
1443761067
1712243859
1728551410
-758700053
-122004843
-935682858
-1558891776
-1195186750
-989571004
1045862252
1939748455
-1370317795
908224637
1563312684
906096122
728272237
-84771169
-1309098134
-295550517
-597731380
-1032035186
645397965
-127329402
-1824082864
-1174051540
557284433
-1402229017
1079548021
-872893760
1488774631
1172758107
784953741
1354192791
-621420459
66871370
-1400033212
1315734712
1588964858
899285548
-407730733
894764392
-628051417
335761210
999920635
539674444
1258645658
776166490
125424819
-507833217
-1955045232
-271835408
-51989920
-717247378
-1106246728
-1279077385
-1075872598
-1726366953
194775121
-77283388
-1417346035
1680244846
1449003851
448860488
11767878
1870607878
-734575996
1018738302
-1608250762
-230105383
833106433
281545354
151418312
1603991313
-2079736725
121070862
1104654934
1907080927
21885718
1261593073
767759223
-1024968728
616491758
897972488
723998586
-1916938775
-1364281011
1439804066
-805689115
403811243
-1113949819
697800618
1428723499
967282697
-1084920143
-1466309731
-448107009
-1186863872
1011330084
2025947001
-574587366
908121363
954810616
1637417250
-376941428
1596779655
840051307
-2085745584
1728000581
-850418118
-2083124057
-1787733312
-714676326
248446267
235121754
1076844369
-349531464
-1930477881
657756428
-468475688
102332126
-286356942
-73548976
-565326969
-316414017
-556683395
1900486079
-1783694610
180799898
-1035124680
-2117518610
-1623173525
-456889580
835194943
-1108838916
1533142684
-1539431187
-501038948
-2117325413
-2140670371
434582471
-440481763
1879094687
936942018
466917305
-1978469108
1816806729
1468279945
-135329498
-1981952486
361979851
-36405002
-1391515320
-101681252
1390302926
334563921
-2031836598
-121974140
-1022736241
-281315137
-182570991
1672577726
-1399274929
-332490271
1444766355
-828839086
-495359963
-1563479157
-1288414095
1797474055
1398822402
870073041
-1003908801
1307343947
1164686898
1996083735
1055203858
1494552482
-1119612882
583112652
-654847772
559837218
-235785626
1596150587
1034786411
-1282623115
-239731030
1530757025
-123266579
485123800
-1653530877
1376505010
2019041761
1497649755
-333846226
1148886176
1707570750
2067868993
-344962408
-437084237
1012341663
-1911906142
-1355153713
-823390522
-1768096731
-233248475
1637862913
1505535053
351272750
1720454273
-1857950072
1120644594
1648573307
359225865
-1476270833
-692603294
2053320690
1485627099
-1806481
572303691
97081316
-1999838805
-540153718
1061117484
-1859234572
-237402283
370389635
1004607795
-1806737806
2083913802
-241608548
852994592
347104894
653485060
824315234
-1432829112
-1980124612
1442734364
-533621019
-796057400
-163538249
-1493331335
1521728503
-1512013748
-247233931
-697605544
-1497950734
-429088761
344630045
1907094223
16900886
2135008249
819521310
-1722419859
1204974161
-676045049
-1560589133
414232238
480214149
1546200875
-2126804247
-549329424
981243646
2060111184
-1142858279
976536577
-1696372173
-621875097
-1791094215
-662839372
1803734010
1706537850
471603466
-831775935
378108709
736285064
1308475368
1250301091
1120356150
1969419862
321089424
376652263
83363725
1486023565
-506381969
222098728
1256829912
392576311
-889859636
657563288
682202915
-388046103
2101378837
1427410471
182365669
-485869019
1917293274
-981114531
606881514
-12660438
718143371
1123335652
1565732219
1488749413
-809905809
-965313010
1641093480
114234520
1658266135
123694725
702298454
-941226989
718930473
-38182347
-1058149816
-1286027169
633656490
-1464817306
-872376577
-1334194473
-1306505176
1617871817
-985941555
-664741464
1988417530
-1063875323
932646189
3139475
881931858
980451765
-559489485
1955671007
999284945
635599918
-1764217888
-1693745715
1959385234
2075876969
285434520
-2123799238
-998368250
-1644922397
1713015204
-918623985
-1171368324
-788399702
2061063554
1681222816
253412214
47894789
375931911
-1837420437
760627890
-321348238
1194820840
1575253706
1864724355
-628203135
-1923989013
-427954627
1275667375
522601700
356832376
-1320594914
41048233
1767765887
-2099157619
-372323749
679773011
-1655871382
2122416098
729152095
2028204597
-11718118
-399613093
-1916678891
-459778709
-1913862690
1011843103
1460824950
-1570551650
525289841
316281198
1989057291
1910654968
1219810326
1238526852
-1604686668
-1005273591
-2075587950
1529106381
-881988466
-945860583
1706719399
820510470
-467396381
423216560
-126625679
1602144987
1686118231
-1788867159
1156415337
-1463878396
1508397009
1675767457
-1032254009
153476706
89525255
-470092084
-1230284176
1887292842
681640414
-1589522556
254678220
-1488358118
660425583
-1580647999
-1452110299
-954304762
-1649932994
-2037349479
-306238385
-941071962
-321483985
1009933929
718019958
-209990713
1577221793
-1596307605
233542742
1128530555
-1212428108
-1723057496
1795282780
-1377619328
195701094
1464477679
-145880044
862408726
38489205
772866578
-423210591
950479343
-629305205
408656610
497571051
1744774396
-588497289
-2135077038
-767864146
1045908871
629387604
437732663
1108901235
-379705068
651276172
-1431716577
-1522816424
-1582979527
934522854
23522691
122870358
611807922
783449003
1389287526
1716680143
1754259935
-1718481981
1281843409
-2139835760
-851961036
-1360992168
-921386311
-436148676
-1009661024
1649076422
265678485
1397015020
1298058307
-322572507
-748919503
-1813894892
1179511630
-1428761150
47646140
1716471218
-262583187
18487395
242698303
276956176
282478409
535382844
537918045
1287291343
1306575442
1635881299
1750540323
1993232631
-1998374255
-1471572272
-1215239308
-1182729641
-1060277069
-1051660901
-1024628603
-986997862
-564171935
-535174534
-151620748
1991841489
-859832299
-595588735
1251344478
36752401
54516738
100249215
152808818
155499121
176840170
193744933
256245542
332136632
337550794
351283582
421124599
533346168
562083020
689743860
710671951
712107656
719761325
742070475
745548670
746368848
796231406
816004271
826157171
827103103
835795940
1016405732
1071024121
1072995034
1074934716
1086688213
1134335118
1154681977
1190979592
1233176071
1245217172
1343988573
1349866737
1353456555
1356807341
1411531442
1414174866
1473280600
1482648212
1507212481
1539122384
1614248061
1643362752
1654563622
1699899516
1773629449
1836676140
1856899401
1899158552
1916697163
1988010566
2003342689
2096531832
2102205913
2128178441
-2074930799
-2037829208
-1983695993
-1971374461
-1958488186
-1952583708
-1918878803
-1900538702
-1886396452
-1885373513
-1840187465
-1836388508
-1817856720
-1741771598
-1699463462
-1689816840
-1594534158
-1584625382
-1555147731
-1531659019
-1441303741
-1431344539
-1311232473
-1289877764
-1258626941
-1249526100
-1213572387
-1205887716
-1121791118
-1064326210
-1053485717
-1035501865
-1020959800
-934508521
-905292007
-888242280
-824303338
-775676937
-756021263
-732244753
-730599811
-729943923
-707330413
-704840753
-686260982
-674138126
-580501105
-549302673
-448051422
-441266574
-432444049
-426981619
-416826983
-412628114
-391871532
-368701639
-364395138
-352263322
-299208898
-265778078
-250570702
-235083825
-227941009
-174702875
-98170954
-94176298
-89498872
-402471226
1316343154
-741102719
-1191443369
-2115611119
-114713437
-1959433778
1148493821
1808018238
1577169596
-1002629334
646474053
-1997716077
120887162
-326518765
1398990093
2041953557
1221083338
-1991860470
1688698462
2010810127
-1236542481
103410336
-945343136
-291757853
-1196624290
789774115
678723448
439479525
-608226523
770611072
856357222
-226220378
-1427595417
1801863335
-1746489494
634057218
-419123970
-503497889
-625531935
1571480382
777822734
1030061021
1859537006
-1771623011
-34742325
427041296
1390596347
1603576486
1552816777
-198973643
-1626584861
1944799328
909117787
-818193147
-53204891
653561505
1006489469
937542587
1816039816
2142430005
-338355420
1170120027
846873150
-2021740989
1833003402
-1508001233
-171610498
-1241511422
-584079916
-492956855
-1320913797
445679657
-775739995
1192748139
-1229701899
807423579
2112417616
182982611
-39544764
17405091
-1332254156
-49350362
-1716853837
674503972
-315487684
-104623236
-1099990226
1989625427
-955664188
852442561
-1823203673
-804500519
5125246
-890302817
-1524901340
-2087030065
432373380
642355690
-1579308529
-1700471176
137703021
-797247614
-1729385066
578050963
-2088620120
1222573069
-833974621
-134711269
719833050
-1257318094
1731159761
-28835381
-888784691
1069997579
-1463234400
753712947
196173284
76619635
-1455661128
995875253
299307878
-2001447408
10287829
-394320167
942440067
-1095234515
-497846294
1582954094
328292197
1130153686
-1794824757
-1998385216
702001706
153430125
-246661133
-1262158003
-1018877175
974187606
-1409455653
373456326
463676259
828194394
2010664285
107651790
2067334379
269921085
211184060
950481840
1083656667
657683939
8468065
1033367657
1808353432
-1571724048
923437588
509837259
1967968285
-1951070128
321736479
2013454537
-846279240
945503288
-190932705
1251026083
1614251513
-1982419039
-1786469509
-1581688263
743997275
-356474886
1982757105
1809661625
-1598889234
-1396060784
-1043536362
-71619421
-1036048603
-799398635
-1826784614
-216244728
1900650430
160399377
1083599709
1443761067
1712243859
1728551410
-758700053
-122004843
-935682858
-1558891776
-1195186750
-989571004
1045862252
1939748455
-1370317795
908224637
1563312684
906096122
728272237
-84771169
-1309098134
-295550517
-597731380
-1032035186
645397965
-127329402
-1824082864
-1174051540
557284433
-1402229017
1079548021
-872893760
1488774631
1172758107
784953741
1354192791
-621420459
66871370
-1400033212
1315734712
1588964858
899285548
-407730733
894764392
-628051417
335761210
999920635
539674444
1258645658
776166490
125424819
-507833217
-1955045232
-271835408
-51989920
-717247378
-1106246728
-1279077385
-1075872598
-1726366953
194775121
-77283388
-1417346035
1680244846
1449003851
448860488
11767878
1870607878
-734575996
1018738302
-1608250762
-230105383
833106433
281545354
151418312
1603991313
-2079736725
121070862
1104654934
1907080927
21885718
1261593073
767759223
-1024968728
616491758
897972488
723998586
-1916938775
-1364281011
1439804066
-805689115
403811243
-1113949819
697800618
1428723499
967282697
-1084920143
-1466309731
-448107009
-1186863872
1011330084
2025947001
-574587366
908121363
954810616
1637417250
-376941428
1596779655
840051307
-2085745584
1728000581
-850418118
-2083124057
-1787733312
-714676326
248446267
235121754
1076844369
-349531464
-1930477881
657756428
-468475688
102332126
-286356942
-73548976
-565326969
-316414017
-556683395
1900486079
-1783694610
180799898
-1035124680
-2117518610
-1623173525
-456889580
835194943
-1108838916
1533142684
-1539431187
-501038948
-2117325413
-2140670371
434582471
-440481763
1879094687
936942018
466917305
-1978469108
1816806729
1468279945
-135329498
-1981952486
361979851
-36405002
-1391515320
-101681252
1390302926
334563921
-2031836598
-121974140
-1022736241
-281315137
-182570991
1672577726
-1399274929
-332490271
1444766355
-828839086
-495359963
-1563479157
-1288414095
1797474055
1398822402
870073041
-1003908801
1307343947
1164686898
1996083735
1055203858
1494552482
-1119612882
583112652
-654847772
559837218
-235785626
1596150587
1034786411
-1282623115
-239731030
1530757025
-123266579
485123800
-1653530877
1376505010
2019041761
1497649755
-333846226
1148886176
1707570750
2067868993
-344962408
-437084237
1012341663
-1911906142
-1355153713
-823390522
-1768096731
-233248475
1637862913
1505535053
351272750
1720454273
-1857950072
1120644594
1648573307
359225865
-1476270833
-692603294
2053320690
1485627099
-1806481
572303691
97081316
-1999838805
-540153718
1061117484
-1859234572
-237402283
370389635
1004607795
-1806737806
2083913802
-241608548
852994592
347104894
653485060
824315234
-1432829112
-1980124612
1442734364
-533621019
-796057400
-163538249
-1493331335
1521728503
-1512013748
-247233931
-697605544
-1497950734
-429088761
344630045
1907094223
16900886
2135008249
819521310
-1722419859
1204974161
-676045049
-1560589133
414232238
480214149
1546200875
-2126804247
-549329424
981243646
2060111184
-1142858279
976536577
-1696372173
-621875097
-1791094215
-662839372
1803734010
1706537850
471603466
-831775935
378108709
736285064
1308475368
1250301091
1120356150
1969419862
321089424
376652263
83363725
1486023565
-506381969
222098728
1256829912
392576311
-889859636
657563288
682202915
-388046103
2101378837
1427410471
182365669
-485869019
1917293274
-981114531
606881514
-12660438
718143371
1123335652
1565732219
1488749413
-809905809
-965313010
1641093480
114234520
1658266135
123694725
702298454
-941226989
718930473
-38182347
-1058149816
-1286027169
633656490
-1464817306
-872376577
-1334194473
-1306505176
1617871817
-985941555
-664741464
1988417530
-1063875323
932646189
3139475
881931858
980451765
-559489485
1955671007
999284945
635599918
-1764217888
-1693745715
1959385234
2075876969
285434520
-2123799238
-998368250
-1644922397
1963908141
-728367285
-1932249109
-1139351990
909779409
-381487126
-2106763204
-1511263376
-500891901
160164056
-1047456505
1775074715
1687219927
-533679541
767082950
695741606
1577221793
-1596307605
233542742
-345595139
1258127771
2007100307
479085637
576858487
-265348198
-93064530
1740204108
-554798165
1360028395
-1751055689
-1286806341
659366334
1281527400
-874956793
564505529
1327184457
-541147407
-1866030866
1472663677
-1898204958
-718094920
-1105390994
-700092332
-1094508323
-1744444696
1491117189
-1818349201
-242142803
-2060652563
-1459814525
-1142015974
-284654515
1182944876
-13452143
1421009871
-275642876
-2067945006
-1011940811
-387732791
-2083781345
-292150873
-1798045668
1415529300
103376978
435080239
-1101287404
-408962970
-1593794275
1435316970
1893924855
-1843311072
1313276816
232152852
882413383
1260596523
1363813256
1118450748
-72944555
1661305669
-1548409798
-1544235450
-747036027
2038534828
866482004
-83468248
-80205323
-1164959449
-385534175
-357834465
191203019
1615472925
-1852221630
-1073883843
918720097
-1106496338
475142944
-913119650
-2052031199
-442260537
1835757471
1611097813
-1398889011
-1968871098
-606728375
-832173890
479888421
726611548
-535139352
-1127243379
-1303104797
-819821902
-2090758556
-1989258640
-1508952629
1816620178
1519376902
1809905004
-1865270014
1488255676
-943716241
-1113734050
994109346
-1564016451
-1157141903
1206795871
1200063932
-659938240
-1132904454
1032002210
1090113591
-1381318034
-700674760
-628962848
-116943559
862402359
2136766271
896221641
-979396998
-800948437
958364087
-1529178460
270822452
159992214
611522654
-838286702
1917888549
-180596304
685982213
1732001134
-100595767
1722987853
-1342692728
1706331698
522277130
-1131050473
-394286877
-1307769262
-1417945109
-667406241
778903802
-1881127334
-1632763762
-1981009756
611181003
1824853574
-655553018
408807369
-237626491
-394576345
-660819691
2023304697
-2053964262
2074023558
894143896
-1376980522
-1878051528
-1411348696
718066813
1321843146
-699647056
978407493
-8966605
-595846256
-1319044484
1946892365
-1583582511
1913081523
459248532
-1758564271
-404784039
-474572322
-823891494
-683062152
1609053107
1934014195
-2116626987
1883278732
823109207
533910160
321346433
434021486
-1444627772
-50881908
1432638729
314275860
401072395
-2088982522
-1269078971
1522342161
-1548701780
1555132399
426987241
-1181200115
-437018332
-855590782
-859261785
325007787
685201482
-2012394246
509655434
1405884931
1694471840
1003725869
-1494073230
-181568848
969425413
-215937970
-2096389312
369636012
2139835533
1653660451
1454397710
-1756604224
-2047349415
-296918696
1484181840
640625130
-311434398
-1275092949
-2102615894
-736077388
-2145389775
2124155263
906192735
1028150358
-1950931913
227815088
-500028456
1079856930
-1724718664
-34179376
-1879503032
-949853506
-1363366103
1775079426
-802924095
-13596416
613799307
-63524225
-1806916087
369187358
1994653325
-215456516
-1973219008
843801175
-2005397122
1577419673
-14437864
-1002551662
-866350166
1529106381
-881988466
1435830477
-864588084
-1540053145
820510470
63147046
-126625679
-180050769
-103346305
1744982793
1863943057
1559451055
1183840725
1906934745
-141508968
885539390
1764927448
-447942695
1116594945
1317987103
2067848534
-1343463928
1942587425
-343175101
-1710085876
-245931737
-979490043
-138700168
1898965206
-1166853261
89525255
-470092084
-1230284176
1887292842
681640414
-1377990877
720376779
988115696
2051136733
525274730
626710394
704330094
2061875243
-1449226953
-1723105943
-680693500
-519595654
-1048326086
-1431535636
1718926664
1829743607
1112538871
-731581787
-994778575
-1778574443
1495773850
-1705944729
-174295853
701457427
232468011
66379833
1500811472
1380862104
1037831137
-1532547294
1839065652
-971449966
259425640
2091967727
2004745628
1252019703
1688081206
310613765
789114891
-1829383374
1009454238
1596448075
958654059
-681575870
1230899635
-1444890397
1197479358
188984953
-2096628323
-1957759179
1888901878
1386736798
-1666465452
-722568905
-363596520
694902013
636888145
639641290
-2082305953
1843908431
1077021826
436268638
392353630
-2101270155
1113622406
2094706740
1251598893
259922393
165935948
-1531486242
-980259726
1601724709
-191201885
1723832907
-711369384
-1583756568
-1928578269
-1353526215
-1597891347
52572758
1432078808
1236860494
735063844
-2102253889
695850927
1112963193
614931215
989816671
1016254307
1472028853
-1854358871
-957024391
-1478773080
-856417922
-1836074343
141728497
1667052839
-981498362
-557113878
-2081281264
1918872208
-662989335
1038587571
1592780615
-1543114574
1600864810
-1135469805
1703620466
986081725
1286617841
-241518056
-1925257935
1682183959
-74809201
980372533
1450626621
1334252963
1875292964
585074149
-143877097
-751431293
-52420835
-364316126
-1609195591
2111782964
-1954631266
-890796251
-419691984
305741479
1713015204
-918623985
-1171368324
-788399702
2061063554
1681222816
253412214
47894789
375931911
-1837420437
760627890
-321348238
1194820840
1575253706
1864724355
-628203135
-1923989013
-427954627
1275667375
522601700
356832376
-1320594914
41048233
1767765887
-2099157619
-372323749
679773011
-1655871382
2122416098
729152095
2028204597
-11718118
-399613093
-1916678891
-459778709
-1913862690
1011843103
1460824950
-1570551650
525289841
316281198
1989057291
1910654968
1219810326
1238526852
-1604686668
-1005273591
-2075587950
202054942
1283550500
631949091
-659088784
-91848675
-1059417569
-750626832
432368727
1225326052
79715567
-1981335136
-285334048
-903249252
155392751
-160898489
-981350369
962386184
-1384191864
-729186071
-2022561427
-1675783660
-903512505
1400544351
847002779
-526758775
77148664
1180061319
-75317596
687747376
-2076222564
1686661493
-1147713609
1641080287
-1016309449
-819083681
174350371
-2070651098
-2110167245
-144930888
1795282780
701482880
1924841241
-752771969
763258256
1179765318
-130862711
-2076641991
-959324912
1654146095
1580160270
-1447500730
1128530555
-1212428108
1732374682
-1616729962
408803269
-1223135453
-667411273
-975880444
-2136935671
-1106859965
-1533046301
-810533323
-890461680
677580363
692947166
-1892162773
1059169574
-586768252
-1490165928
667291988
-1974978650
-1210385261
1856025654
1510673774
-1510185069
-1685728594
1826392204
-1104906411
258065600
1907585215
-1980385682
-397338946
1615359008
1669946416
962047208
161815041
-1077682618
-1874363392
1956580835
1372169152
-224313846
-1439348436
807304537
674537782
195701094
1464477679
-145880044
862408726
38489205
772866578
-423210591
950479343
-629305205
408656610
497571051
1744774396
-588497289
-2135077038
403595343
-483067145
1009675376
892834735
-948776942
885693108
-1681449957
-1176997712
783520943
-444575922
-1625249112
1825766958
806196391
-1708368861
-1544536120
1446180540
-865515145
1308094286
1548466180
-2079600286
-525897402
613687908
-1801353897
763511916
-947989386
-750417968
-767864146
1045908871
629387604
282279932
-1857185339
-1715823622
-1172392227
2010850850
1478170832
1982213945
976900385
-1406379778
14084876
577676807
584936706
773991909
823965806
1034573461
1064015551
1090185113
1257838732
1495101194
1495709507
1873151756
2031031380
-1950595316
-1723158050
-1609779686
-1527065431
-793140393
-382569054
-842895762
1226628178
-1178930751
-1589863103
-904711529
1773605847
1289894506
-1872981645
1861649976
-115691678
1891322175
462743273
1426365555
1884403150
540533847
-834561463
-257891555
-522130807
1995891542
5314303
19814031
23472333
62870581
88681005
88889940
206645241
282109320
336866417
472606263
496513507
515531917
561149912
615515645
767786154
818301970
831968598
839040339
876641814
889024344
948643467
1164798629
1188442351
1212440658
1220687162
1241975062
1290205060
1316484414
1350588851
1352913243
1373882172
1400030598
1496865426
1510063313
1583596569
1606547124
1611390369
1687194610
1810474572
1850692772
1888700310
1918912761
2097157080
2098130201
2138642941
-2100167826
-2076181912
-2060769637
-2017844191
-1972138874
-1856147596
-1741810141
-1698753383
-1428859107
-1420358140
-1383480403
-1336411075
-1273908008
-1253210905
-1246033140
-1244143371
-1236123972
-1166696790
-1146799986
-960505832
-924612720
-898464470
-879552199
-808159294
-706300120
-680020590
-659707475
-611551699
-592743697
-493403771
-425742577
-415163242
-331468708
-269691304
-127166281
-111389889
-73752649
-25905178
990093882
-262180449
1993016113
754429394
1006132925
-59052902
-919028119
1596897206
175156930
393584250
1522351985
-1847464748
-1381397930
-1077511225
-1054048921
-601272865
-87331957
1166166565
1438794673
-1009497490
711478526
774764313
1121836569
1675974162
2028112356
-1464236617
-1245924081
-445569860
1182132703
-629322900
905670957
2016661542
-22568312
916824184
1979701817
1646536868
1025460208
1530870529
-2078203992
1919164720
-462280465
438974693
441864627
635579145
734976724
831984209
852423182
996962370
1015704929
1052051090
1156166679
1167426241
1424069225
1599945428
1666308804
1666842528
1990512969
2041328399
-2077870273
-2072442769
-1659810297
-1263734342
-1163946820
-1133769370
-1107819796
-1027416890
-1026885214
-898603160
-667479959
-614406657
-265247769
-176508657
-2069057032
1772265657
-4937370
24391009
151595910
216479181
336337726
396984853
477175257
563565691
765003588
815544316
1062702711
1153534605
1162265227
1171636961
1195572540
1287425130
1371126994
1506064949
1515964223
1525431279
1548687920
1615963727
1699493318
1740326531
1778539245
1806949794
1830648393
1848185177
1905092648
1942103352
2022925302
2102695671
2127293437
-2017927546
-2015338545
-1885513432
-1861806950
-1835505264
-1696239753
-1594946041
-1455993113
-1425181206
-1248380840
-1240971950
-1034553309
-903283004
-803845298
-684863876
-548353893
-423242527
-202081267
-76081015
-71244711
-58677618
843405747
116928243
579172955
2013661685
-1447221634
1124226333
-2127039563
-367502237
224154786
-925983410
45771616
-623819866
-1433545927
280926523
816385314
-237297293
-1048579998
281287614
-2023955181
-811812472
613414988
1351356703
-6707818
-1514020771
181687508
818081802
1498864686
144893113
-230532319
1079046402
1245794052
-91025337
329770589
-1127211313
561774938
-1779758260
-1711881292
-1557210044
-2069394845
1577307441
1651226500
-193085861
36471800
570812367
1057019767
1875723972
-1533962911
-380029846
-907236403
1405135944
-975788649
1085309498
-1947446881
-970657644
219339297
-1670414112
502502713
1658815372
1936224935
718565765
-1645821525
-1801837107
1737785137
23866719
1191372667
352219832
-324786546
444297071
-869089596
266940552
561129379
-1937430853
445853540
769195889
813359119
2108834052
-1941709801
-1225878879
-717299826
-81382486
827197466
1780368704
1311737098
1088758778
1124151207
1561793654
937794117
1965288922
-672710827
-1775365414
-473333662
487695117
62920466
430810509
378560184
-1223983650
709702727
1096981393
-1499005043
11993957
-1401569198
1664366177
690756943
-1482740358
-478298442
-1547064264
1859840304
530425944
363104884
980595412
-1947448253
-667156520
-1814473746
-169900548
1934358354
-1206442761
-556345948
1726511015
1190833303
-963404847
-169529648
1052376437
599576013
-387965336
1853123782
-1278217162
-1670312079
2022909843
-1983539898
1117341411
-1005767603
257026024
307550032
-653785867
1604089435
-1799313922
364445570
-555471833
800235250
1652178937
-1457066916
-1272718108
2139033409
1601796310
-1627937002
-1211321707
1984064853
774821012
-1110040494
2086207378
-1666151048
1564365496
-992201543
89320313
745144058
-303619782
1946502971
-1249142533
645098557
-402803715
715161672
-1287461303
1925986697
1542925322
-1703283766
1185992288
-366021626
-108608834
802615767
586004266
-1258569995
140726105
156245692
403052295
665859326
837462781
974920006
984941638
1808515525
1959604749
2004723021
-1871607397
-1489511451
-1356393208
-1231798335
-1138657560
-900668765
-777335931
-236333085
1334096928
401083873
-516922255
-1550427775
1824163496
186975192
-1657599481
569229145
1021874145
1814371922
-1485189641
-357470980
1661904380
-868214104
-1567169412
-334052329
-845106834
-1699537617
212145392
37845338
150829759
161678007
348042487
524569058
540760695
783045503
804399991
855055311
866739143
944445482
1067921656
1195358886
1334433873
1384966377
1449248026
1499573555
1531779150
1648003708
1667560052
1919914483
1945710144
1987362638
2120336076
2134883012
-2100203563
-2066412556
-2019906015
-1976592266
-1847261667
-1790978692
-1768765171
-1714406580
-1472716335
-1452910119
-1268553375
-1258630506
-1254289047
-1233330349
-1187823018
-1105795069
-1098049536
-1023422190
-1012815590
-920802561
-805063430
-765326042
-736585145
-699955224
-654527678
-465402867
-458295086
-437223206
-328223066
-216544369
-210778578
-184818851
-118116254
-106182550
-101883712
-57127407
-1488425302
1174409216
-1267439364
1455599446
-1852827870
2026391084
-478726627
-1186555412
-1434905910
-995258028
1698083378
1513688507
1641724246
183834240
905947560
1851977631
312466885
-1626566518
-1804804731
-1827885426
90011104
948346069
636625682
2117297768
-507501365
-810706689
317339032
1971248361
-1647634774
189599679
307184877
326339393
649303481
1845476736
668404816
1183357486
-231732403
1328120694
1362508360
-354082631
1502358734
-894305676
1636325965
1911075353
-1609528561
-1553594385
-1839465059
-1833997890
442593136
-1066513713
-1603837338
1123431575
1946206100
1840816003
-1036403329
-1890500517
-904099922
1528420415
-782882769
-2029487774
1137545332
1717143273
1154188936
-2023261420
1957585859
1918985764
2104951956
-1657548603
-86913065
1725468199
-977057656
-1138185230
1432243683
1593328957
1036686890
1083696486
1402512824
-1144419803
-642022425
21275030
-2069482221
227661767
-406102824
-1176975365
-1520085212
349553810
-806455218
-1385065440
225100600
-1645917966
743045335
-1520024217
2005313909
734530617
1730154216
-1891882871
1119933326
409469525
-1003255931
-2054797724
-134211328
-418150635
-1327712420
1631061788
1217292940
-1635767906
-3499947
1946612988
-1403993135
-1688976867
737544338
436687003
-957201594
1495006853
-1279969490
6433115
2036334162
-354094023
717596118
984502682
7794995
-802648840
1408019127
1121479363
1904478843
-1144064406
-557331225
1849785508
822929093
227303002
-96288296
2010961283
-1064062893
1023599322
-1056856009
-873099530
-1890852894
-101404273
228861382
880831755
-337622068
-949381265
2031622020
-370328824
1462533574
-1924206120
-1256795392
2105653508
-626231349
-1316759523
-680441122
756563551
-1809306164
812998959
-1895587048
231361485
-355505234
-1852900513
-1669280027
-422131541
90351844
-1857545637
-991135964
1716627167
-1537530393
1026682873
891596022
904167519
-695764218
-543195940
-430320752
2043653960
504472348
-851689696
1332026631
956437539
1613370943
-504696502
-652824269
1252056940
-1284336997
-460910317
-2068665537
36100497
-914748876
-729859444
1135401434
-231594163
1523076724
837280162
1227375496
1687071797
-26062773
-1830683843
-346640157
-1818540797
570801044
-1786011685
605380940
2071446114
-622010108
-1094272159
-1653351360
-1943198056
468168430
1198650685
-843166221
-793019061
-1410692738
-248229128
-1965391484
-1053643916
1024810084
-1169775364
-4657873
-2008289361
1489235082
599788938
1457833490
-1813381433
2129309233
-1190407632
-101646425
-1636498013
-892886795
-1155101978
2053788553
-1044102523
-1622368484
1372032384
44970881
-1879488015
285026269
-2031407614
170506376
1205934467
-2021907108
-1933719002
-229485294
1226946145
256484033
693027506
57944289
-351899729
2098226800
-751646589
1436989997
-1627756152
-2080417488
1218677397
-835192773
-1317262166
-197289653
-123218069
2117313989
-1250986400
-1469430056
1664521597
-442308653
788411510
-542603613
90909598
-369704615
1120479599
-1525900733
-1683625349
1388433316
-940216715
1922810824
-308575942
-826332116
160838227
-1805383791
-1870776725
973903360
1771962340
177379715
-1832880317
-411592482
947249013
-1806074600
172823099
2010848943
-1407192170
-297936249
221074638
-2046747899
-1545298589
1006830774
1327371194
-941844057
-761819459
510022875
-645089456
1665399651
-2047237181
1596135531
1996180619
-368987821
-844639278
-698264997
-576174746
-335323478
860279897
-1657911864
-1259933382
628158413
-1354836673
1422237005
1133518185
972217896