144507326
257993497
362295558
1046246794
1049145732
1061743661
1122429638
1133391249
1163239605
1169357106
1172518243
1286949725
1325680330
1431812675
1481674765
1569472688
1600114756
1716751360
2088963182
2092500704
2136981957
-1911983344
-1827912792
-1741980098
-1723865191
-1647334908
-1643419162
-1603361571
-1458069331
-1281509372
-1274867104
-1010707941
-1009312176
-943149210
-897981487
-825773627
-624030380
-557522269
-501936393
-478295648
-461892091
-291699333
-114762768
-67417340
-1873283157
-1989719739
356832376
1354375721
936792764
1056297926
-1067297482
-1361645893
-338443224
-1188481396
-484190947
-2092646712
1374007401
1476099056
-208374030
-1732519644
432355586
1545439570
1735478184
561510032
866593195
570503921
2144964387
-1844751849
-11328562
-922659219
235157407
-27296959
-1724707884
-525488414
283552128
-1649011348
1475725616
1020946150
474525162
-1955115358
-1106616327
990229320
2066013567
407122787
2003573398
474199360
906328698
-1512619329
312371861
-1051601640
310278228
-1591959164
1153554398
1959028881
917667067
-1120892329
1615700826
1332188990
842366700
844373399
-1002292526
1557147692
679204200
662856846
1286458200
-1647981790
-1090679521
-2084596822
2018862108
-1072738634
1811463340
-1758230163
1198909259
865288169
1488752703
-571190065
-1227097319
-566120866
1445574732
-757338697
1227643245
570685115
239614950
1068169129
1145386810
250708850
1709059236
1760319855
-1644972941
-801939090
1816310657
124591191
-235788134
1035763075
-1365963026
1595015610
177174168
-1800529188
514182774
-1085621312
1231590788
446983348
-1204196696
-1615265179
-135316955
-907699769
-1831963227
-1268699465
488212311
-313225694
-364330264
1308749844
-1184650885
-458823283
-710165519
1468816658
1017377476
1615928066
695741606
1264374152
536822911
1720807240
-642720836
-199502132
-136526976
464486672
-1252864505
-1261761660
-607971666
1543885190
-1379063831
1623860509
1641901517
239724016
-1114446658
-844036567
59675829
-665117060
-1707912767
1730434707
900069425
-1028603452
1304346032
-1551893553
577565934
145240695
-658944229
1483056068
664245347
1678743988
-1662284265
448880546
1911484532
-1624050846
2041953557
-918323284
-1386943452
1530525798
806770608
1191967144
-1572834628
215006637
2110795929
1149296919
-1615150786
160576
419816786
539847477
1503142695
2092552362
1101366602
-1926735787
1180452649
-747010011
1146887769
-1250794369
950481840
-680908837
-1060822792
431733252
-963404847
800235250
638043144
-2050274579
-371230224
-1906879543
787653804
1177813140
-164382311
-431169993
1744908640
-1966854658
13787033
-205476141
-1684414326
1080626240
1130524776
-961170007
-61964386
-1788867159
21056743
-1032254009
-924623367
1936785840
337702618
158171705
714601373
-148637111
1598218957
1477817887
1910361476
-47931188
-1710085876
-47924636
-923938976
1116346762
881098323
405698692
-321068867
82877135
1043483501
1405146450
118619969
54535343
980748990
953139898
1958108301
2107827613
-144107106
-1254215605
560630216
1887017589
-591713907
-499364981
-1432613011
-326518765
-1621910423
1132560269
639641290
-1475498552
-933155789
-651794150
1052162038
1461735286
-2089025127
-1153922373
-595027073
581047703
-1263264696
-751646589
1436989997
-1627756152
-2080417488
1218677397
-835192773
-1317262166
-197289653
-123218069
2117313989
-1250986400
-1469430056
1664521597
-442308653
788411510
-542603613
90909598
-369704615
-1893083890
-1654528139
1773490724
332894565