56399149
78153376
228053839
247851519
430814744
486706921
550311899
783449003
863443320
876781015
1010788473
1059976034
1221740329
1229345098
1231038379
1414174866
1415911187
1560135256
1589524065
1609522499
1696133242
1716680143
1780475146
1790467059
1793660417
1829060307
1844694488
1897621994
2069017766
-2109934578
-1971374461
-1903586013
-1722091306
-1623604042
-1471615520
-1376311153
-1353832305
-1263245372
-1084326542
-886867819
-880490900
-862052939
-806071035
-796881575
-522676079
-463403191
-380570788
-168018325
-149492257
-66494612
1466276415
1638306907
-1145430329
-402471226
1316343154
-741102719
-1191443369
-2115611119
-114713437
-1959433778
1148493821
1808018238
1577169596
-1002629334
646474053
-1997716077
120887162
-1873283157
-1989719739
356832376
1354375721
936792764
1056297926
-1067297482
-1361645893
-338443224
-1188481396
-484190947
-2092646712
1374007401
1476099056
-208374030
-1732519644
432355586
1545439570
1735478184
561510032
866593195
570503921
2144964387
-1844751849
-11328562
-922659219
235157407
-27296959
-1724707884
-525488414
283552128
-1649011348
1475725616
1020946150
474525162
-1955115358
-1106616327
990229320
2066013567
407122787
2003573398
474199360
906328698
-1512619329
312371861
-1051601640
310278228
-1591959164
1153554398
1959028881
917667067
-1120892329
1615700826
1332188990
842366700
844373399
-1002292526
1557147692
679204200
662856846
1286458200
-1647981790
-1090679521
-2084596822
2018862108
-1072738634
1811463340
-1758230163
1198909259
865288169
1488752703
-571190065
-1227097319
-566120866
1445574732
-757338697
1227643245
570685115
239614950
1068169129
1145386810
250708850
1709059236
1760319855
-1644972941
-801939090
1816310657
124591191
630707903
-479020320
-413803567
-159354020
-1613795742
1811702292
-414336502
-287201188
-1766402721
-1542753256
619458424
1140489121
808361050
-2146101571
659884040
-1508817879
309795568
1119695088
1158524415
695741606
752000294
-1985421272
634057218
-2111192775
2016407731
744381374
-506620238
-1245954625
541280626
1949491839
158883057
1560934396
-923368655
-1668863940
1360323888
90525245
-1894169866
1558955382
-1009495595
287231666
2041953557
-1690235505
916258569
-1695134251
-540576706
1281843409
-2139835760
-851961036
-1027657421
310211574
-1953773845
1375163528
-534029168
1313429691
-1360992168
-921386311
1754259935
-436148676
-1009661024
1649076422
265678485
1397015020
1298058307
-322572507
-748919503
1128530555
-1212428108
1153077345
1795282780
-543392452
1179511630
-1428761150
47646140
91258953
-1821996650
62053018
471021282
714278664
796053652
932591536
944889924
1257531344
1261802718
1327763936
1347036073
1489655678
1526346775
1734059523
2042774827
-2018059397
-1408797274
-840913747
-506473299
-345029450
-237961009
-53812203
-1101287404
636888145
1483823112
950642680
1646477532
1732159951
-220346173
-1248559585
-1147680999
1001446961
-989866830
-301834890
1363551477
-134854705
-2011211454
632192697
1098836270
-494771226
-736861646
1766939511
-1460870355
-1010610949
260396251
730750525
1853131153
1370970862
408510708
733070551
1084123905
1240841497
-2020806220
51963628
-1590651017
-1288202695
131224050
-624243071
174199352
-335776956
-46621445
481840538
-583626150
-899324936
1963908141
-728367285
-1932249109
-1139351990
909779409
-381487126
-2106763204
-1511263376
-500891901
160164056
-1047456505
1775074715
1687219927
-533679541
767082950
1577221793
-1596307605
233542742
-345595139
1258127771
2007100307
479085637
576858487
-265348198
-93064530
1740204108
-554798165
1360028395
-1751055689
-1286806341
659366334
1281527400
-874956793
564505529
1327184457
-541147407
-1866030866
1472663677
-1898204958
-718094920
-1105390994
-700092332
-1094508323
-1744444696
1491117189
-1818349201
-242142803
-1223135453
-667411273
-975880444
-2136935671
-1106859965
-1533046301
-810533323
-890461680
677580363
692947166
-1892162773
1059169574
1482086715
541404409
1069152181
-1925088932
403595343
-483067145
1009675376
892834735
-948776942
885693108
-1681449957
-1176997712
783520943
-444575922
-1625249112
1825766958
-1486439958
1089990960
2010850850
1478170832
1982213945
-539153732
1238049635
13986132
14493585
69397204
92330809
216547367
300773535
335658990
422042220
471494607
533102404
602126241
684703985
849331639
1042844580
1092673836
1224524045
1240091615
1275560708
1285859319
1291384015
1418379668
1424980839
1516749133
1545982356
1694982650
1714401508
1729467167
1734549980
1757470851
1835348263
1993609263
2013417794
2116569938
-2106026809
-2101962630
-1971572087
-1753677263
-1615615806
-1588704718
-1384946879
-1369722273
-963727239
-944467070
-881707673
-858841463
-813811343
-763688503
-641904319
-625892550
-493820330
-476900524
-471779837
-346188400
-314604399
-312223831
-227366258
-176924671
-198056942
26978947
960460889
-1341828076
1968464419
-1869919576
500694054
-1604678917
2117581954
1563150149
-898218677
1933701121
6198377
1251835440
-833068784
-504737855
1719626726
-708741259
2090028741
798453382
1152958800
2091593034
-1951070128
-614729980
-1334552366
-680441122
958023296
1966762936
1028362067
1116942637
1843908431
-369168316
1724248769
-1684195647
1863152839
-152104250
-1070794274
-1407053515
901805876
-390044583
1900650430
-1243555723
-946796578
-1441167020
-1334461718
-1316265839
-430407268
-1921569206
1986408276
-1152981149
-1410573306
540838355
1846900959
760661086
1182362504
457831452
-1970802602
1862850302
-2058573695
949452267
104114689
1830487511
-1162682883
1614234782
1212534962
492342050
-1379760163
1781993958
18398768
791083143
229724253
-831564843
-903573742
19196363
1779123741
106907082
1686593476
218123895
-1505690644
243459752
1705855358
1662828546
31096399
1070553677
1630156276
-736021693
-2123037647
1743444465
753244361
2141943459
-636633826
-1144284562
-609498905
208922085
-561481575
-1699644939
364701395
254699073
904515611
-1009747241
-947727441
511860214
-1730593856
-884499185
1029187298
843243171
-2117802626
1426813185
354520037
-110294320
-811394354
-1563271886
-1369774735
2117504628
-1669043105
1738146159
1547503305
-2012951376
400618378
-134665469
-2146763834
1506412991
1648495918
1464501142
960501286
-950906306
-1634980055
-553722587
1580549567
-1587266141
-1361544973
-2138542476
-159442233
-1725636241
918974545
694288780
-1598115541
438825081
-430792378
-1378062166
-1601287880
1453590625
213575527
-136656792
-1544974138
1525916036
-318227796
-862141232
-1949966106
139889801
549912863
301597586
-528585847
-1009919735
-635368017
1860481253
-1799313467
340228280
1716896133
-1196624290
751012065
-157122595
-1270803028
-452955733
-1728814317
702284749
1918872208
2059927519
639641290
-1234170263
-915558509
1278864089
-2002752586
1815888583
-1712892093
1529106381
-881988466
1435830477
-1463234400
-864588084
-71619421
-1540053145
820510470
63147046
-126625679
-180050769
-103346305
-1727156387
807523859
-1500749776
550314432
538966343
-594321459
227545685
-1264017486
359418949
-1792747985
729965340
-1114346813
11739356
17772152
55881021
67813124
71799808
160539684
423797944
742427064
1125258943
1418331571
1688242140
1852149445
1966729416
-1613310442
-1563455909
-1515378865
-1475705022
-820295771
-769755363
-753098443
1358816503
-471634398
-812957478
-1439446157
-1307157535
-1938379025
-790134378
853686817
-1820780217
1607670233
-2080489092
942093112
-1715728290
389224381
131506196
530041705
-2012685760
2090772816
397477510
-956314696
-1732797913
2127314448
1396259358
-1847620704
-437443739
602656159
1553111941
769614181
2061905812
2069730104
1084322659
-1423585147
-707207904
-390863162
-1107326872
1500579752
-615356960
1296329791
171689325
396442988
655879760
718562684
741692885
974315240
1030201646
1057636491
1219440904
1259162107
1569978355
1793019739
1847376805
2068753633
-1864044207
-1801614055
-1585210114
-1582825862
-1237705206
-972840861
-602199601
-484111629
-382463378
-330613259
-66530155
263976215
1836512017
106519751
799987299
-1546342910
-923074092
1809661625
-706082309
-1908206668
-920322185
-187407572
532849114
611844800
118619969
53632757
-218981743
2101002070
-151994677
646600581
716785579
193408380
874344266
-453296213
289005461
940020056
527198597
1241137102
1378833170
-845272413
-2135932954
-1589602329
1695553253
1985641490
-529965650
319199579
-891787248
1968009841
-1634779526
165935948
-1227119836
1691224197
266446675
1291280503
-375868041
-1652479761
-156334279
445383743
1302783814
-1393472320
1455629689
1068533707
519549940
1541587993
656187885
1905054589
639652118
952914829
266857712
-198368577
-488551612
-1734559372
1441754384
1699928556
-109670646
535487870
722515329
283444832
604676040
1976514401
-1092462448
2038552071
1175979611
1761393790
981017472
-1649534535
1729672151
75959689
1197291988
-1227189922
-1479883155
1992504863
67185170
34221454
-1039101082
1493203238
-532768784
1786499549
-808680523
879056988
590169091
1068207578
217802607
487915246
446500330
-31959760
1507105
-531620858
350745456
-1278595319
-547547366
-2002595674
946473568
-165236833
1575935911
1405696598
-1766716414
1462832185
865667159
20547913
1420123779
-309057328
-353650535
822140535
-608591470
-897198652
540707065
591944664
-815254729
-1210063996
-1912373137
1783620992
818081802
862408726
38489205
772866578
-423210591
950479343
-629305205
408656610
497571051
1744774396
-588497289
1498864686
144893113
-230532319
1079046402
1245794052
-91025337
329770589
-1127211313
561774938
-1779758260
-1711881292
-1557210044
-2069394845
1577307441
-1530681249
852861312
159694748
767783724
794659347
818299796
946644225
1611387431
1655542537
1672864598
2098127519
-1899583115
-1784023555
-1420361342
-1236127430
-1019826065
-594165255
-425746295
-73756623
-574414364
1181836196
1582950642
2024567461
-990132730
130123039
57262684
-942327614
1674858019
1956988213
-1661434247
-1407052461
-1767152497
758530133
475807892
262255245
-1840717080
1488642892
493613882
-1467441786
-701030241
1655734844
1760006317
-256733694
-1583539518
-2030390996
1599523742
885767971
1009600681
1486441322
1998055863
74036349
-995664952
875519835
-1295830307
2040521080
-1364677725
1606986557
-1080369358
783138893
306260509
-483552741
1300502019
778763969
539306160
515402912
1769104887
39701025
-266459675
1116346762
-1987171548
-321068867
82877135
1043483501
-728449561
641179000
1629949993
-1434729588
-676029304
-2104680140
-1010604826
-591733315
1152071463
-1267928770
514204142
-1130028096
140541080
372707359
-1754128185
-1148196263
1495205693
-723705318
1795799059
-1097430602
-697904607
-1155794978
2056595486
1014558631
1888410361
988006941
221503962
1888198679
325704445
1300756705
1427558785
-738625640
681544605
706392842
-1354045075
1847823973
317295146
1159061259
715080013
-350454615
-1259782026
-108469074
1859082138
-1087907643
656827440
1062420259
994348309
-1397893057
221707097
1851615126
-449712721
-2035625948
-1997562391
-813602886
-251436078
1729456653
627801612
654856916
718152495
764739974
860058867
973955692
1355453103
1558489967
1791030239
1796266032
1829548530
1874869574
2009449319
-1957363639
-1684651766
-1583603590
-1173009381
-1130819390
-1080988070
-1037123536
-848833660
-330006159
-258368849
-246304311
-57685735
154739515
1422462689
-447221642
-1772097846
1898200937
737756949
-1871607397
837462781
403052295
1959604749
-777335931
-1489511451
-799704714
1455492056
-1650599811
-2137462587
1817893632
1829882074
-1851256555
-1750793758
1288587627
1124687083
369485878
-698092586
525979311
2129597769
-1107634759
-315145206
997107479
-265128782
644585391
1083251588
-392782669
-1176183431
-211698285
-778954483
-1513581802
-823706432
32110522
1906830336
390653641
-1998385216
1313276816
-772605945
-1465959991
1762780681
-1400173552
-2075473596
-2037297646
-1385046841
-1347789935
-736854778
-688806467
-302150428
-1411777190
767457097
-659980227
-1685625429
479631348
-1928578269
-180874005
-1906349802
-84915505
1023320062
-435320202
-1524827649
221917557
786502469
1315463471
-2036191859
1787427970
200085858
767092381
1261458731
804768119
1399177039
-849683808
-2145686802
1702592711
69168423
-549611564
1775023411
-788436799
-265366734
976671682
832572658
-705382148
-1868398001
115964765
155247694
-304168866
-926008434
35433312
-1042708086
-1545436052
1480322955
1221934959
-1716178869
-1491643311
526267892
-1614790783
-2034478091
1962378370
1194495029
-1690964036
1134364960
-275321030
-940994174
625972009
613658018
1014538657
-2141941512
713135815
1353395747
-1255556574
207861545
-824527719
-684344571
589254323
1154305987
-770435778
-1202872306
-344742811
1490547757
-1529964177
881571409
-31913925
-1300707412
-558226965
2066359455
-2139515752
-490192226
1800286107
591830366
-2071182171
824331525
1471500284
-1273725342
79098030
1973068194
-344679536
344896803
-1801467570
1289882850
-1872094861
61264355
189090512
-1706772510
-529337901
-2028196880
268339139
519982577
-456573760
-546270671
185292798
1330971764
-1853848591
-887510880
1668123106
2129722121
1525748063
810130010
-418179395
999685311
-525675918
-1808429196
1254249947
514826780
-1255747136
1438339252
-1526710555
732346427
160697576
919261030
-755812872
-1356289689
969182971
1856403111
-704191035
263348774
-1444038885
-1773140953
1121586200
1474223079
-1390909658
1206381708
1314215612
201328585
-1385540455
-1640396149
1181322581
616459242
297724321
750814915
40824300
-1308096253
-1368092949
-1765003566
-554632936
254691539
902251035
183474017
-196090916
-1827802784
527980767
1384328864
-256232479
1394024335
157849424
-1271595526
1314366488
-800815888
24164482
1453503714
-2019585615
259922393
-1531486242
-1032321853
-532570115
347796697
-919767305
186909913
1816585246
2003069522
-1523497821
-326518765
-2112676495
14148237
-1356110728
749782555
-720545032
-1878988261
977657098
1532770750
1460620714
-208465633
-134713962
2138042979
598462864
-426218580
-1906116083
988512453
-141329712
441573326
1225589881
-1353526215
-1343463928
-504696502
-652824269
2107827613
1435783669
231978923
1036513579
-1909161786
-454446936
-1777060398
747722157
-405895818
-894230557
-1947701079
-661255153
-732961538
459611293
-1981335136
-2072101779
1030061021
-377372499
-436461101
-900305170
1810827009
-18561799
-1812703000
1763092270
1010884058
687772835
-473361397
-1592046066
409794982
676676008
-1112874540
265371338
542704697
-292150873
-1141874901
-1708304499
-353456858
30455993
-1049024909
-1710085876
-245931737
966538312
1391861492
-1249067984
-869509552
-998948928
930969483
912522696
-522714277
1598414347
-970882646
229304132
-399798300
-872366751
1012908271
-486459893
1080033898
-1695826555
-169791753
1263762315
-1267915605
115259049
1903491762
537312120
1787026322
821325074
-1774357403
665029362
-1060176874
-765625265
1673757400
-1002755029
-1617568444
772482003
1519875323
-351696276
998241997
1776698627
-1599634785
81502505
-837917273
-162958507
1205308866
-119474406
-1724918129
583208691
-630263836
2145920373
1492877665
-1391800661
1242953347
821793174
-457357495
1288245020
-622917949
16233334
515825946
526206151
532923627
558805628
1011581636
1295979133
1452044807
1820726135
1904419791
-2040282664
-1647271518
-1478836014
-1159729046
-1101469811
-877961005
-796898676
-649853120
-367894055
-149466783
110452642
2078182611
-1092488401
-1607835079
37576117
-1139192994
-19564079
1485235525
-384295982
1522614098
627891886
1165434987
1297733255
-334524062
-1955798520
-558235177
-1248481791
-2061091173
1729291206
-98428071
1963418545
1513983087
70409908
-1568088045
-964360823
1135416838
812788492
-1960881849
1009202213
377259177
962562165
-1969059538
1127026874
-1774803698
183019657
-1055733212
1776994329
1860955856
-1287755689
-552970575
1896226130
1897648646
-788249296
-2092700690
1461735286
-1813816959
1538242332
-1767461759
1248421602
-361303596
-1613248562
1373976688
-1386179079
-1115881755
-999655820
-1919345197
-1207680331
289869908
-840897870
-476281817
-365563295
-71041578
1797796933
1477645314
-422584660
-706949886
519029644
366223657
-1411299425
600883623
1977272668
-1030982840
729119045
950481840
1350470718
-707871832
-1952233554
2138156574
843735376
1763001418
-995148031
-1413204731
1178842592
1623222828
-1454852056
-238434282
-497670909
-62164719
-2056431388
-1855990119
122281798
798695836
849219876
1281901720
1482285543
1566591078
1649639575
1877981393
2105564677
2136387631
-1828375998
-1774412861
-1458613454
-1274387574
-602178205
-499467290
-456658375
-367046868
-302815234
-104676735
211890181
-1679569040
-1072239148
-1518396112
350348199
-494188839
-2104444900
203962491
581538405
576678605
-132227396
-332607295
2050677022
248750152
702398772
886632844
1579090255
1679122495
2031112327
-1828395311
-1634638867
-1354124390
-1303608542
-494857583
-8117719
1632118886
-722796110
-952647425
614051434
1392951177
-1419825615
-1815390558
-1432676761
-447336065
-1252770974
379324471
629704505
834275652
-1481899877
971129649
1948967482
-1082773089
-222392172
-1509115222
-1254810387
-1208826815
-1323170070
1901526726
-66196970
-2110582303
546538756
-1209373819
-1075251658
-513323705
2003911832
298051722
421298620
588701900
900270305
961216773
1041485940
1544243585
1860059591
1943761279
2009563525
2136155773
-1912980713
-1798764830
-1755866588
-1518169502
-1199070502
-767536615
-627098833
-397790359
-179371055
-1884050807
-36854357
-1477372574
-427849211
-289624740
-914048108
-2095001362
-589117669
369818917
805617893
-1790722913
-1402906558
-189438335
-2002546456
1889015161
-1854334830
828976600
-865383391
-945140604
36829348
213961616
-95217152
-863986334
1266705816
76099448
790093432
1144549806
-65285302
-1263310343
-543373777
-2101308054
-2000286171
287598628
-1921470825
-1662838192
-1374462517
-514955429
2024538458
-907792398
-485912051
981579321
-168705370
2077537591
2129149080
401963701
1504859084
-860905971
-1197523482
1785264072
-1012818109
-477951954
-76178982
-89052221
-1520433844
-1587100068
-1406957581
-850944645
-1947382361
-1476492546
-2100151626
1640475378
-1222409076
1561378299
1674599592
-1217437794
-915079124
-207050138
179145536
-1299426576
707755499
-453430501
-326453794
-409735715
817266524
1926847078
-984922476
1972148289
-45254512
1909389658
1678407190
35392276
1794030481
1897147611
-1092618474
-1641920135
1571454805
-1769628056
-1757396200
-957836217
-12890008
332904811
-1604872118
457792865
1401863943
1749121710
-2017463424
-2046034668
-1017551486
-184296741
392702213
-694867535
1492974834
-535587100
-586588328
1382524933
339515105
694447380
-1496176341
2131823871
1618469150
373852410
1060182669
-586640234
513735229
-1375685799
-894454086
-1674810368
1042025622
-900133397
-122043229
1719042935
-859425503
-945860583
1706719399
-467396381
423216560
1602144987
1686118231
-2137017320
417393372
-992103268
-816358327
1982232028
1343458560
-1456250572
414031779
934704196
-229460213
-1593125459
1594047770
1611270525
2117197284
1797675722
-1431796470
1355670124
-770710468
-1901518798
862965369
-383688546
1419482770
-1614330569
-2101185137
1874137648
-1528184427
-1175654099
384232110
-1061178916
-1416618486
-2124129015
1893924855
-1898135186
-1860818238
-200395307
132929129
70814140
282537134
690255621
272204513
-890446032
1153990430
-1765497775
-1349554795
1330897510
-1319046528
-2086780161
-952783626
-725780146
1373102242
2062208465
-947628515
101353949
778375027
-671287205
-411345173
1833853184
-698821697
869244502
-671803841
-230604394
943160577
-612740075
-622107016
-1647328119
113607639
-2047709352
-1943460608
-1261998257
-676864594
69082317
-565412396
-424590263
-915477219
439462788
-267822010
168911416
180009692
-1753893258
-1139188903
-1185649565
701419300
-1219092146
-267661268
783566671
456944431
-804334282
1974822071
293604086
-1703473271
4366565
1507213394
317216407
1154048523
-1962266474
-1342252792
1018191358
1392097101
-784316921
-2004508750
762145517
1178780987
1630397728
-542847835
903596974
151118174
-977751050
-1597891347
1785288699
2131011204
-360913192
731572416
2134472788
487059556
403472016
947790233
1528420415
1480468561
-1135342798
704548323
737755341
1449982696
2015913039
886786074
1521849983
-1421885012
-45498914
2044243019
-20620672
1769203857
1135075779
872704633
-235168772
-1113646352
-2105686015
1831861480
1546167548
-896801697
-735434005
-1972589519
-641501679
240806075
-1884640068
1710913900
-810205433
-2049142207
-1563149312
-1969013673
-578609591
1741990598
311865289
1990836415
1861716498
686476639
-130867748
254186902
591605777
1173746583
912568218
1565196364
-480493348
55552514
49466044
1447762463
1759436503
-1218098384
272894837
-1558162785
-1013881640
-788695224
-2045306185
-1359556450
1020031418
1613156693
-1926683187
1123603392
1362954619
-1632669048
-795767211
1777564786
-288871999
56172136
-192233008
383513292
2017217478
-2039641774
62685426
-58994372
1397074505
1331723445
-1240651618
-1064620111
-1035887356
-1928067346
-64077883
-1933501431
-1185950977
846222116
-549939656
1125080830
1633265687
690053516
-1546117690
2137724720
-1466652303
-402619905
-1480574517
-973862427
1101366602
57450797
-98676350
186995599
987918836
-1989881414
-2122351011
594611365
-1096148728
187627721
-845424366
1417264915
989963288
-1906724948
-242448213
482123885
1582173809
-1740444681
-118527401
-1141323380
-622457855
-766491034
739355745
365809546
-1163213931
889553182
-891925014
877425086
-1273366212
-1938791030
442920021
51800824
1573211578
-1162644821
1612634206
-1807642114
1687262978
453008061
1321242928
-217383426
781984891
1408180771
-1904608346
1587855269
867407720
-1151743344
-1053095471