3744121
94209947
101522301
118176585
137775150
138672376
139105203
150821774
184498970
199310929
210438768
216613028
266012895
320662409
357540619
379612762
413036911
437128177
438747209
441864627
449886437
558499819
661196132
685045913
733891374
734976724
736498028
764242790
843117251
844313237
852423182
920854996
1004211840
1023498809
1049788588
1052051090
1114986812
1124974372
1150829053
1156166679
1166160568
1172729304
1254332994
1261442286
1311942641
1414174866
1419228825
1424069225
1472019839
1472637690
1485242880
1541478600
1546662715
1666308804
1666842528
1675384795
1697022869
1714335847
1783851813
1810478815
1835201252
1899947383
1929836649
1966729416
1967347337
1992054742
2016627858
2027674632
2066448607
2066654641
2129712496
-2120267289
-2026042273
-1982570986
-1971374461
-1966685698
-1937668430
-1897996003
-1834386023
-1817856720
-1814310491
-1771542037
-1760382702
-1667597985
-1666824465
-1571721070
-1569310648
-1546477878
-1483327461
-1391449834
-1385012286
-1384191864
-1371526215
-1370585007
-1336411075
-1334357126
-1291487519
-1244779102
-1146020989
-1133769370
-1027416890
-1026885214
-1021951978
-944401663
-866653972
-844919571
-801449284
-783099820
-761168730
-747199170
-743055632
-569151314
-564155156
-524631351
-470092084
-424947620
-420470003
-352951357
-265778078
-221488721
-176508657
-167232306
-161642084
-115596954
-93192355
-73892363
-59332618
-37752207
-8469520
-800260019
-110026793
-898645972
-904388838
-325276355
1560433578
-628752406
1796931965
-385527538
-1485680368
873003425
-2003375489
1652580439
275969252
1081443405
-124506004
-2050048199
235051217
749841408
262668481
407382429
-753599944
-837694848
-11261436
-983676044
1434486934
862681320
944885006
1773346686
43823272
828681445
1958735326
1283953730
1344588053
-1666848996
-2117618530
-1170598598
-135089103
1018062740
-402471226
1316343154
-741102719
-1191443369
-2115611119
-114713437
-1959433778
1148493821
1808018238
1577169596
-1002629334
646474053
-1997716077
120887162
1887292842
681640414
-1452200702
1141450634
89525255
-1230284176
376188692
-513740833
-1741841035
-352877431
-1527486015
520847481
-1785472313
-1629725901
-2082903157
88938789
1216722990
319268969
1590626658
1137326554
2041953557
418882098
705668345
1092619055
-466206323
-1478640188
-1578303306
-1730497892
-907699769
356832376
-1831963227
-1268699465
488212311
-313225694
-364330264
1308749844
-1184650885
-458823283
-710165519
1468816658
1017377476
1615928066
695741606
406717564
-199502132
451665585
1264374152
536822911
1477800065
1841500854
-1457657921
762400649
869321522
928802218
-242301621
1136622682
1809661625
1199770657
1720807240
1766696733
1849599361
-326518765
-1380133771
-1101287404
-1363616490
-642720836
-631432613
-614137487
-219616398
-136526976
393170051
-1014733364
-66133310
-1407444215
-2130402750
-1581110650
-1272424640
949998254
-1829296206
1054837918
464486672
-1252864505
-499708764
-1811933797
-600042530
-244796292
1520984432
-1228353876
-1381751389
-656719816
-227084940
260284161
544882230
248324135
-329241462
413665683
-1324204808
44267881
-61521327
-138639351
1421753814
2065455780
-1967617934
-969458871
1175594998
-1873283157
-1989719739
1354375721
936792764
1056297926
-1067297482
-1361645893
-338443224
-1188481396
-484190947
-2092646712
1374007401
1476099056
-208374030
-1732519644
432355586
1545439570
1735478184
561510032
866593195
570503921
2144964387
-1844751849
-11328562
-922659219
235157407
-27296959
-1724707884
-525488414
283552128
-1649011348
1475725616
1020946150
474525162
-1955115358
-1106616327
990229320
2066013567
407122787
2003573398
474199360
2073388298
371539435
977689014
325111207
881927852
1163754321
-1744524379
1095931661
-1124669707
1563044131
-963743161
-1615370530
-195139656
-1288445481
1286458200
-1647981790
-1090679521
-2084596822
2018862108
-1072738634
1811463340
-1758230163
1198909259
865288169
1488752703
-571190065
-1227097319
-566120866
1445574732
-757338697
1227643245
570685115
239614950
1068169129
1145386810
250708850
1709059236
1760319855
-1644972941
-801939090
1816310657
124591191
1399305428
-816758368
-1740937359
-231643120
257826882
1169150747
-705444230
-1997456528
-1160537255
1178816211
887591700
-1074183808
1773469421
-46014139
-213552713
1079046402
1245794052
-91025337
329770589
-1127211313
561774938
-1779758260
-1711881292
144893113
-230532319
-2035112263
-2093224444
1702769701
1062132531
1968667430
-248229128
-1069355887
95394986
1042247479
-1701809546
906328698
-1512619329
312371861
-1051601640
310278228
-1591959164
1153554398
1959028881
917667067
-1120892329
1615700826
1332188990
842366700
844373399
-1002292526
1557147692
679204200
662856846
-320310257
-1863283565
1706570699
-774297800
1581746467
688818712
-381745319
611616965
639641290
2077039127
-436578555
-1114181948
-1514225407
-851653781
-1250548234
1502580441
667249454
-2050449609
-1227273728
-1273784310
55613614
1077654054
-3152456
2006013974
-1927404205
-1941573991
-1914384628
-1245875552
1993028847
836655639
-1415422468
630707903
-479020320
-413803567
-159354020
-338200158
-1036437353
-414336502
-287201188
808361050
-2146101571
336807534
1416075315
-1161079244
1479846
630103480
-96879136
254561777
935485467
-216620620
-1264166592
758695754
1128530555
-1212428108
965549548
870246279
717638593
1512351380
-261246040
-21824604
-1853496208
1951486257
-2097739702
-692748014
598446263
-988002943
-684507187
-756185364
-1297053984
1840283123
1202532169
1766739632
599474063
517777592
-1296820424
-644106002
-1918550833
-1196624290
835813214
-1254215605
-1533729054
-262168418
-199979571
29132318
2088877331
754375202
875695340
-245365849
-1349042045
-1944910337
-619730676
1367727226
1084941667
-330321740
926168979
1877391327
1303812996
-87664692
1795282780
1101366602
1118450748
-1216477988
1978466788
-1540801496
-869187961
1543831495
-1426524325
1900650430
581605241
-1002551662
-1419429488
-772411616
-292150873
1042228227
1855065998
1855733105
-301732069
-276684356
1708369576
-1061392056
463676259
448173729
-1458032049
1898087272
-1476574718
-1992544565
1090637695
857379162
-1152847496
-332570082
1918872208
-338041066
-1897323450
-377075498
782000861
1671223806
-967642279
-1114427088
1359243459
-1981757218
1860638540
-1911833503
401201760
-14561349
-1163137280
-1070385038
-128889241
1796018767
-190078862
514950151
-1475950445
429405700
-750626832
432368727
1225326052
79715567
-1981335136
-285334048
-903249252
155392751
1884478213
-1291394449
1806082695
1171960808
-212879709
862408726
38489205
772866578
-423210591
950479343
-629305205
408656610
497571051
1744774396
-588497289
-671850512
1860781167
1274171310
-1460551596
-1332304772
55978152
-2047539392
1319012771
-935483829
-938804467
1319752933
687790391
1351611156
722523850
-84111925
-149263174
-119862033
-548519077
896838607
1596144764
-1987803101
578745699
1469477287
-1738598606
-1336533442
-988337309
998924359
1194466246
-786165223
947523733
962386184
1318442327
-1616473396
-980098613
-284232143
-215563472
-61964386
21056743
-634327477
-1323351651
-722487523
-512660255
-2086960220
145528438
-364020035
-2124230293
478193906
1377399254
112455790
-384554500
-60764368
-1756405530
1576951853
-114738161
1637789879
-537888832
-146509066
-1670652640
-1566799902
-414726439
98189172
-790255819
-2087030065
642355690
-1463234400
1151514042
768556082
1790382063
915942286
1000093310
-1159995023
-2089915573
-1087767121
-1920189618
-192238040
312943613
-809734551
-160898489
-1801370689
-1492457655
-869971809
-378010478
-869454545
975970278
776341532
-378324945
-1265386333
245410755
-687946279
-1021405560
731057128
-1167475540
1935241629
194384496
-412905732
1537970315
-769136122
-1663497439
-1281144155
1641429629
-771334174
1027103154
181752789
1583360419
1798811870
-951182215
-1525148973
579916440
526035586
-1854795811
123995650
381205264
448260441
964129219
1001316010
1249540330
1467959378
1963044490
-2128172209
-1707737652
-1675387913
-1130820885
-1035504451
-775739995
-773113092
-447574291
2107827613
-181406861
1338997154
-1797125864
542839779
-1060822792
2021102274
116363415
-1615643338
654197941
-53204891
653561505
-1789350209
-25755287
1667043774
-1951070128
-289220411
-2048035053
1136826965
761805171
-1343463928
796879019
1328486846
630263633
-1755123691
695875190
1112906144
1619732021
-549043746
1582451565
897443003
259922393
165935948
-1531486242
-1559196093
-935386731
-1502449169
-716165641
1572502163
-921226072
-555670305
1103937471
-1715142508
-685274287
1242886476
-803035082
-827016014
-835811291
-781881222
-983486730
618217497
1989483169
-1772783502
1202084120
487452351
-1584890302
190916180
-1584410467
-967799185
1193375848
-1680596826
-1416318062
-14929713
137108107
-1297108678
164411371
757310459
976933805
1692738548
-1778544309
346809358
-1311841202
1541238055
414556141
-1802006926
-389852197
1590480269
695425978
-1264503000
1698293215
1022542367
-1082557620
-602275585
-195477275
1649363258
2038171
159493643
321993646
432697798
492924162
876641814
1038428883
1192748139
1252599264
1305983120
1411531442
1576141421
1658987382
1758150646
1887389931
2104162719
-2037683403
-1401964500
-1256279754
-1202629984
-884749762
-242202224
-1866698906
161222772
-127797551
-897577955
-1582324789
-1099449465
-1692233158
1562783634
-2135272941
-1002209849
-979234858
54709738
2009915701
2030398418
-323046858
-1291547097
316387424
548019453
1585518406
-929620327
3744121
36381802
48893703
107016966
107651790
216274090
246721161
330406449
373456326
379612762
438747209
460381196
518008696
523113682
622063970
635311289
676887680
733891374
828194394
833256521
835795940
846873150
852423182
917239982
941704474
974187606
1016873885
1057736941
1132202882
1150829053
1156166679
1161049512
1166933368
1169869968
1170120027
1233176071
1237423641
1240263968
1286047519
1340310881
1390851545
1414174866
1508961196
1527846717
1585003322
1602531419
1622622437
1666308804
1666886222
1675384795
1712049679
1756006983
1833003402
1852615366
1952835557
1986349807
2010664285
2142430005
-2067835196
-2057366561
-2021740989
-2011113433
-1971374461
-1920199677
-1890378035
-1866698906
-1864495119
-1834386023
-1760382702
-1715837316
-1639118695
-1571721070
-1555147731
-1508001233
-1493224475
-1482892445
-1427372581
-1379211422
-1280211191
-1263734342
-1228117920
-1198054196
-1133769370
-1111270282
-1093102613
-1044342414
-1035504451
-1026885214
-1018877175
-974620372
-919492319
-914884657
-900708577
-850906891
-844919571
-792062024
-749807735
-731402306
-730675337
-655537772
-641587551
-614406657
-543295604
-487634359
-470092084
-420470003
-368308812
-348679442
-338355420
-246661133
-209873217
-176508657
-142273954
-114912869
-91605925
1115221918
-780133544
639641290
-260651030
-1474658773
941771193
1258402169
-756820104
-1581240392
-402471226
1316343154
-741102719
-1191443369
-2115611119
-114713437
-1959433778
1148493821
1808018238
1577169596
-1002629334
646474053
-1997716077
120887162
2041953557
2058879457
135298610
-535910317
-794664511
-1254215605
2107827613
-979076092
-1076462202
69903300
-962393137
-1981335136
2008509287
-1060822792
2021102274
950481840
-961170007
-61964386
-1788867159
21056743
-1032254009
-924623367
1936785840
337702618
158171705
1759046425
-1789407038
1501114678
1156415337
1809661625
436063553
-1463878396
-384554500
-60764368
1508397009
1675767457
153476706
-1196624290
1000093310
-1159995023
-2089915573
-1087767121
-1920189618
-192238040
312943613
-809734551
-2087030065
642355690
-1463234400
1151514042
768556082
1790382063
915942286
-672974082
-1826784614
-1125396589
1296189132
1385659234
-1827035998
621390226
-1262158003
-1409455653
463676259
2067334379
269921085
211184060
1083656667
657683939
8468065
1033367657
1808353432
-1571724048
923437588
509837259
1967968285
-1951070128
321736479
2013454537
-846279240
945503288
-190932705
1251026083
1614251513
1731159761
-1982419039
-1786469509
-1581688263
743997275
-356474886
1982757105
-1598889234
-1396060784
-1043536362
-71619421
-1036048603
-799398635
-216244728
1900650430
160399377
1083599709
1443761067
1712243859
1728551410
-758700053
-122004843
-935682858
-1558891776
-1195186750
-989571004
1045862252
1939748455
-1370317795
908224637
1563312684
906096122
728272237
-84771169
-1309098134
-295550517
-597731380
-1032035186
645397965
-127329402
-1824082864
-1174051540
557284433
-1402229017
1079548021
-872893760
1488774631
1172758107
784953741
1354192791
-621420459
66871370
-1400033212
1315734712
1588964858
899285548
-407730733
894764392
-628051417
335761210
999920635
539674444
1258645658
776166490
125424819
-507833217
-1955045232
-271835408
-51989920
-717247378
-1106246728
-1279077385
-1075872598
-1726366953
194775121
-77283388
-1417346035
1680244846
1449003851
448860488
11767878
1870607878
-734575996
1018738302
-1608250762
-230105383
833106433
281545354
151418312
1603991313
-2079736725
121070862
1104654934
1907080927
21885718
1261593073
767759223
-1024968728
616491758
897972488
723998586
-1916938775
-1364281011
1439804066
-805689115
403811243
-1113949819
697800618
1428723499
967282697
-1084920143
-1466309731
-448107009
-1186863872
1011330084
2025947001
-574587366
908121363
954810616
1637417250
-376941428
1596779655
840051307
-2085745584
1728000581
-850418118
-2083124057
-1787733312
-714676326
248446267
235121754
1076844369
-349531464
-1930477881
657756428
-468475688
102332126
-286356942
-73548976
-565326969
-316414017
-556683395
1900486079
-1783694610
180799898
-1035124680
-2117518610
-1623173525
-456889580
835194943
-1108838916
1533142684
-1539431187
-501038948
-2117325413
-2140670371
434582471
-440481763
1879094687
936942018
466917305
-1978469108
1816806729
1468279945
-135329498
-1981952486
361979851
-36405002
-1391515320
-101681252
1390302926
334563921
-2031836598
-121974140
-1022736241
-281315137
-182570991
1672577726
-1399274929
-332490271
1444766355
-828839086
-495359963
-1563479157
-1288414095
1797474055
1398822402
870073041
-1003908801
1307343947
1164686898
1996083735
1055203858
1494552482
-1119612882
583112652
-654847772
559837218
-235785626
1596150587
1034786411
-1282623115
-239731030
1530757025
-123266579
485123800
-1653530877
1376505010
2019041761
1497649755
-333846226
1148886176
1707570750
2067868993
-344962408
-437084237
1012341663
-1911906142
-1355153713
-823390522
-1768096731
-233248475
1637862913
1505535053
351272750
1720454273
-1857950072
1120644594
1648573307
359225865
-1476270833
-692603294
2053320690
1485627099
-1806481
572303691
97081316
-1999838805
-540153718
1061117484
-1859234572
-237402283
370389635
1004607795
-1806737806
2083913802
-241608548
852994592
347104894
653485060
824315234
-1432829112
-1980124612
1442734364
-533621019
-796057400
-163538249
-1493331335
1521728503
-1512013748
-247233931
-697605544
-1497950734
-429088761
344630045
1907094223
16900886
2135008249
819521310
-1722419859
1204974161
-676045049
-1560589133
414232238
480214149
1546200875
-2126804247
-549329424
981243646
2060111184
-1142858279
976536577
-1696372173
-621875097
-1791094215
-662839372
1803734010
1706537850
471603466
-831775935
378108709
736285064
1308475368
1250301091
1120356150
1969419862
321089424
376652263
83363725
1486023565
-506381969
222098728
1256829912
392576311
-889859636
657563288
682202915
-388046103
2101378837
1427410471
182365669
-485869019
1917293274
-981114531
606881514
-12660438
718143371
1123335652
1565732219
1488749413
-809905809
-965313010
1641093480
114234520
1658266135
123694725
702298454
-941226989
718930473
-38182347
-1058149816
-1286027169
633656490
-1464817306
-872376577
-1334194473
-1306505176
1617871817
-985941555
-664741464
1988417530
-1063875323
932646189
3139475
881931858
980451765
-559489485
1955671007
999284945
635599918
-1764217888
-1693745715
1959385234
2075876969
285434520
-2123799238
-217562011
1529106381
-881988466
-945860583
1706719399
820510470
-467396381
423216560
-126625679
1602144987
1686118231
636888145
-722568905
-1566261773
-394614762
1593913871
614255793
-1496694223
-1260669468
-1845910714
310211574
469517854
-722009601
695741606
-1531329643
428710100
740854184
704034989
-1154784430
-1710085876
-738105452
-264519934
-1415268579
-1644922397
1178816211
887591700
1246096146
-53204891
653561505
-1789350209
-25755287
1667043774
-289220411
-2048035053
1136826965
761805171
-1343463928
796879019
1328486846
630263633
-1755123691
-537888832
695875190
1112906144
1619732021
-549043746
1582451565
897443003
259922393
165935948
-1531486242
-1559196093
-935386731
-1502449169
-716165641
1572502163
-921226072
-555670305
1103937471
-1715142508
-685274287
1242886476
-803035082
-827016014
-835811291
-781881222
-983486730
618217497
1989483169
-1772783502
1202084120
487452351
-1584890302
190916180
-1584410467
-967799185
1193375848
-1680596826
-1416318062
-14929713
137108107
-1297108678
164411371
757310459
976933805
1692738548
-1778544309
346809358
-1311841202
1541238055
414556141
-1802006926
-389852197
1590480269
695425978
1435830477
-864588084
-1540053145
63147046
-180050769
-103346305
663883029
1540368500
1643329486
1901968880
1963908141
-728367285
-1932249109
-1139351990
909779409
-381487126
-2106763204
-1511263376
-500891901
160164056
-1047456505
1775074715
1687219927
-533679541
767082950
1577221793
-1596307605
233542742
-345595139
1258127771
2007100307
479085637
576858487
-265348198
-93064530
1740204108
-554798165
1360028395
-1751055689
-1286806341
659366334
1281527400
-874956793
564505529
1327184457
-541147407
-1866030866
-966044845
1472663677
-1898204958
-718094920
-1105390994
-700092332
-1094508323
-1744444696
1491117189
-1818349201
-242142803
1795282780
-1223135453
-667411273
-975880444
-2136935671
-1106859965
-1533046301
-810533323
-890461680
677580363
692947166
-1892162773
1059169574
-167052284
-803699850
862408726
38489205
772866578
-423210591
950479343
-629305205
408656610
497571051
1744774396
-588497289
-696085974
1452077528
994014787
-941639192
308083671
1095486278
-1798796935
-1711257961
-869865252
-527307783
794375738
1286640942
-1021844396
-855587163
-1446165356
1448922262
-1439652167
-2082306838
1268036619
140397198
587522935
-1571005213
-1053290941
-1028285654
-95707262
1143073156
2095050028
-1887618527
-1216135543
1087914924
1777886419
140250502
-1924762201
1578730304
995728770
-53445896
637657454
499252236
-1029088899
1653708593
-1494063018
-2134349906
-1213007622
-909410718
-2127811236
403595343
-483067145
1009675376
892834735
-948776942
885693108
-1681449957
-1176997712
783520943
-444575922
-1625249112
1825766958
2010850850
1478170832
1982213945
-1225618487
551846422
17839198
116690119
296355879
322320818
336866417
384536594
525274730
612568724
918970300
965099052
1016405732
1635881299
1846143595
1951309607
1956346400
1968974045
1970297696
1990168531
-2091735666
-1898063992
-1762825619
-1717466035
-1485852767
-1469798477
-1448344725
-1410489951
-1089319806
-1021109525
-931208737
-825237506
-768362379
-736691461
-725152837
-721397434
-270541519
-252228106
-220533367
-18880723
-1576753366
328882621
938578376
1843908431
1694902737
-1960881849
-1973609254
525568452
-1438905422
-968191202
-1214235623
-1121867304
1620381879
-661255153
-2110288905
-702888470
-600785906
-435756928
536422926
1078166242
-606115935
-16513425
1084702050
1665180088
-88586590
-1408408500
-294517596
1729310032
-589790879
368708476
1615629543
-411789363
112211170
-420790641
-808441076
660988239
-140507245
1184100505
-626765311
-708439536
196595776
-1838023496
-315714069
-1194617827
-248224316
1243242810
-806917222
1776665273
1017716030
1468445416
775996242
311447934
1996378681
-1905695663
1268677513
-403578141
-735601046
956711978
845890074
1040028500
-1511557115
1046188097
583632616
-2007281002
1313276816
-1999623790
437562741
-753305080
-1728383226
408803269
1356516420
-884369222
-1969168158
-510701772
1099965037
1375215423
983959455
-1965350707
-663538438
1236860494
735063844
-2102253889
695850927
1112963193
614931215
989816671
1016254307
1472028853
-1854358871
-957024391
-1478773080
-856417922
-1836074343
141728497
1667052839
-981498362
-557113878
-2081281264
1888901878
-1623422591
-1666465452
645496458
1274728409
2072311169
-732908299
-245931737
-200860394
-2141754957
1113622406
2094706740
1251598893
-980259726
1601724709
634057218
-1253025895
662024305
253166781
-1583756568
-1928578269
-1353526215
-504696502
-652824269
1252056940
-519595654
-1048326086
-1431535636
1718926664
1829743607
1112538871
-731581787
-994778575
-1778574443
1495773850
-1705944729
-174295853
701457427
232468011
66379833
1500811472
1380862104
1037831137
-1532547294
1839065652
-971449966
259425640
2091967727
2004745628
1252019703
1688081206
310613765
789114891
-1829383374
1009454238
1596448075
958654059
-681575870
1230899635
-1444890397
1197479358
188984953
-2096628323
-1957759179
-1597891347
52572758
1432078808
1924238589
-662989335
1038587571
1592780615
-1543114574
1600864810
-1135469805
1703620466
986081725
1286617841
-241518056
-1925257935
1682183959
-74809201
980372533
1450626621
1334252963
1875292964
585074149
-143877097
-751431293
-52420835
-364316126
-1609195591
2111782964
-1954631266
-890796251
-419691984
305741479
-39106375
-476067423
-1922262905
-1045550262
-1434352484
1267715400
-1293201447
912204589
531552073
723227443
2159754
1796168540
-1538414986
1936035865
-1376096446
583991033
1327992539
2123376855
452168110
-1715301749
-219333283
1333402997
-360188392
-630932046
1701741609
922196764
49351948
1250643293
734673623
1088787713
-86414900
-136767490
-511765382
-489499136
-1754796097
515082859
-1150734078
-1608414293
-663576846
1136647269
111337274
-1796568852
243632574
-336046616
-67855921
1888250831
1331675168
1626269377
2019699394
-1469117452
778449218
522167464
-1971895231
831352309
1980401795
-1769556024
1274649473
-268193227
19585142
-2017547560
1289910653
1374112197
448872928
723326611
1077066053
1589968322
-1698981280
2029041327
1272867926
1898694091
-276457859
-1672083645
793592524
-1235006466
-525897402
613687908
-1801353897
763511916
-947989386
-750417968
1617775331
1519969150
940097890
-1373714243
476812265
1369649890
-1694506681
-1441013203
-929085092
-819196608
-651274546
-1456690457
56827141
855557291
1397549079
1950595551
511985948
-924997119
-707224903
1313462447
58816932
-2062218486
-982496821
644432133
2128711609
-231259369
-242241082
650780662
-1493151470
432557437
112657259
1932870703
-269199703
548073162
-549077025
-188148039
-1537266150
2016922105
-299778010
138788598
141881883
142592334
160241581
186148525
189641031
191506756
193833374
207888550
314305961
351283582
373850623
746794807
780289637
782904264
798481824
826789943
831023551
864515805
898154129
932525630
1183125580
1475949941
1535123700
1571350419
1589252854
1608269658
1622241796
1665853294
1707429494
1830648393
1975335281
2003342689
2014815884
2023902484
2091842502
2092279429
2119161814
-2118130016
-2017246689
-1966883351
-1927803823
-1915108375
-1864567983
-1774857038
-1612451377
-1545102916
-1474939701
-1395773694
-1374950574
-1257044877
-1095104598
-1072931038
-1072602398
-1026440184
-952569085
-861780027
-712401225
-668049320
-585870758
-583673696
-453403609
-438397504
-380690688
-314619141
-235083825
-161343981
-119822984
-99721332
-63716107
-1589522556
254678220
1677835034
-1437281217
-1657091220
-204839209
-2113952643
1522800006
-84191356
-912350734
187061181
1398990093
1221083338
-1991860470
1688698462
2010810127
-1236542481
103410336
-945343136
-291757853
789774115
678723448
439479525
-608226523
770611072
856357222
-226220378
-1427595417
1801863335
-1746489494
-419123970
-503497889
-625531935
1571480382
777822734
-1771623011
-34742325
427041296
1030061021
1390596347
1883992069
1288549940
1059169190
654501344
-377184495
-343681700
560884707
899305997
1844898764
1905681762
1263921687
-1903024981
-204514505
-1903764052
591720655
860664162
1423581759
855478704
-555699146
1079793343
-373620138
-1009662380
692593204
-1969419989
-465318178
1450668254
-144757875
638219718
-1099575510
1705615136
-1999462756
-1045241974
561037308
-680441122
2071508967
1148061337
-1809226903
2001038121
574330326
1824780794
-1661567648
1845507636
-1903533954
-841746527
1049623069
-1037049726
1437056169
49345169
-1137167146
635065047
1983280028
-12154021
709584897
343361175
1053316251
-62262640
1722084698
1853557307
-1394881318
1350614676
-2048861863
1008742626
-1827389170
-415332447
-78254181
-1952143185
1244297071
1708313734
-101300101
-1766716414
-2041529633
2143008532
1142517260
-656240554
1412557948
-867920409
-898854811
-1108196715
1151259622
2123049062
-1842049587
1954574850
17861413
-1581355673
2058217813
-233570132
-2021328501
657072073
-63333381
148068926
-1689186183
1405629913
-975291386
129615797
371259273
438974693
538197868
828943849
952181255
1001235696
1248945854
1335891159
1453098760
1467241990
1537114860
1549372945
2038997901
-2127710949
-1910131130
-1722154655
-1675065949
-1659810297
-1077039909
-950466333
-857402352
-150494098
-37573257
-262343922
-1410337765
1343978888
-998291024
-1443412542
1627191460
-728464849
-886630791
-2021750218
178899385
-476437800
1066076759
1156268843
1536521382
-1308688168
-1865832701
-1915971653
-1341283044
40715253
1550972
-1584625382
-255759037
-391260899
-1185452635
1096683477
348253549
-1687893397
-1508817879
309795568
1358816503
-471634398
-812957478
1119695088
1158524415
-1151600396
1854625060
94698226
1693118433
-480687079
556904154
-2002515673
1824419570
1209002287
-1439446157
-1307157535
-1938379025
-790134378
853686817
-1820780217
1607670233
-2080489092
942093112
-1715728290
389224381
131506196
530041705
-2012685760
2090772816
397477510
-956314696
-1732797913
2127314448
1396259358
-1847620704
-437443739
602656159
1553111941
-2116933123
-855753655
1563887143
122051411
1248480999
-992649178
-870676234
-2127127230
89898982
-786450354
-1674334726
744532581
440626155
1466924639
-303139419
-735880904
453540578
-1566574954
1077880178
1952534392
788092788
1797718663
-723880074
-845065860
1775321326
1261773778
1480153715
-2140540809
-715743509
-1932393884
-1682675466
-28421689
-1653817137
1990973328
-166858449
1005154121
1253426786
-1814707234
-1442209739
174454393
-1111708460
-466001696
1542458671
-840563472
86700756
774671052
840115281
885188681
1144667853
1195923723
1506075042
1585814277
1732009376
1935279756
-1889079960
-1876121548
-1819801801
-1759831185
-1744787372
-1512359040
-1151898144
-519837832
-133099969
966495026
937328883
1608989880
1647175604
-554542784
-127372488
-2042398589
274035036
150821774
264666528
314789144
420218794
512208909
613273981
702302418
852423182
965272005
1016405732
1052051090
1108270251
1134335118
1156166679
1229027251
1243242810
1261442286
1353648917
1356807341
1414174866
1546662715
1594616851
1654563622
1766158454
1835201252
1950367950
-1971374461
-1958488186
-1575377965
-1088646293
-980098613
-898645972
-757301107
-747199170
-743055632
-730599811
-643850563
-417943782
-357627029
-352951357
-352263322
-294023411
-291699333
-271514920
-248224316
-220974496
-142273954
1244057111
554262977
2110945810
1706624172
313249546
-940255446
940129065
2085405558
-1957010276
1705823346
333713836
-1438886954
257219622
-1131017136
1713930939
196996310
-1372853483
-1379211422
-1555147731
1622622437
-729943923
-193135786
2099009452
-187276101
1162385964
-402471226
1316343154
-741102719
-1191443369
-2115611119
-114713437
-1959433778
1148493821
1808018238
1577169596
-1002629334
646474053
-1997716077
120887162
-130196016
-1151600396
1288549940
-723293476
-1077099254
-589098475
-227095170
263951617
1876241013
-1965350707
-663538438
862681320
705668345
1092619055
-466206323
-1478640188
-1578303306
-1730497892
-1873283157
-1989719739
356832376
1354375721
936792764
1056297926
-1067297482
-1361645893
-338443224
-1188481396
-484190947
-2092646712
1374007401
1476099056
-208374030
-1732519644
432355586
96918412
1463681024
1682078212
527198597
2125847346
1545439570
1735478184
561510032
866593195
570503921
2144964387
-1844751849
-11328562
-922659219
235157407
-27296959
-1724707884
-525488414
283552128
-1649011348
1475725616
1020946150
474525162
-1955115358
-1106616327
990229320
2066013567
407122787
2003573398
474199360
906328698
-1512619329
312371861
-1051601640
310278228
-1591959164
1153554398
1959028881
917667067
-1120892329
1615700826
1332188990
842366700
844373399
-1002292526
1557147692
679204200
662856846
1286458200
-1647981790
-1090679521
-2084596822
2018862108
-1072738634
1811463340
-1758230163
1198909259
865288169
1488752703
-571190065
-1227097319
-566120866
1445574732
-757338697
1227643245
570685115
239614950
1068169129
1145386810
250708850
1709059236
1760319855
-1644972941
-801939090
1816310657
124591191
1161656760
-111974273
-622331354
-1674292423
770169616
-29214547
902241041
1774538362
-1744722794
-923627760
2099812980
879911133
2048928223
1359336153
146060974
-1023597025
-308443060
1048431058
-570723822
-310870467
1000650665
-773733262
630707903
-479020320
-413803567
-159354020
-338200158
-1036437353
21760693
-1945299437
799610439
-585341586
1721864659
-1126384504
-415527075
-1730871460
-320310257
-1863283565
-1987560674
1080449995
919800346
-885634568
-1025379053
-248229128
-1291394449
1962270161
-1281144155
215687295
-1623521745
1795282780
-416664271
2017008408
862408726
38489205
772866578
-423210591
950479343
-629305205
408656610
497571051
1744774396
-588497289
2004194165
-1225101511
-1179195564
193236149
-1215797440
540518912
-550198525
1925303733
191095987
-1479392516
834947875
58505781
441657842
584334090
890296369
1003083105
1039000832
1167426241
1469810937
1506932968
1581109306
1646939949
1720670549
1778240971
1940082238
1955957224
-2147466497
-2144186588
-1669937562
-1279026502
-1011782581
-1000520551
-787482025
-767539313
-707508854
-468803161
-267553657
-704644113
-1387903449
215835969
-479867388
-762245007
1162482440
-187372129
-880021748
-1055859080
-1086597693
690871324
129970809
448398017
985413598
1249350514
1298983433
1514282534
1921363562
1928775476
1958329809
2051136733
2070924886
-2127871785
-1631272054
-1305448642
-857480740
-773402268
-194017162
-1226513222
124551423
73089524
-2041479873
253938754
1387227634
-884142093
180604979
-1427823563
-296535195
1652620921
-324786874
515156658
-1644885465
-1261559900
-826507817
1967177828
563825644
-1989546147
1421254389
-1229701899
807423579
2112417616
-1787052232
-793086686
561434617
325473238
2121220516
1888363881
-663406841
659638794
1209831158
-1936618678
-145668800
-538112197
630781936
1050097257
-1467924554
348931102
-1839712592
-544172101
-700925256
-1475104509
1040562396
3744121
12849682
39238743
123281576
138672376
167784578
184498970
194335891
199310929
207888550
210438768
267817250
371259273
413036911
438165705
438747209
442241040
449886437
506280204
530898588
535258873
542536032
558410587
636290953
640369873
646408839
663156733
719761325
784874923
835795940
876641814
952181255
954742577
1020793061
1022772348
1111371817
1156166679
1176284986
1192748139
1220687162
1251049891
1411531442
1414174866
1419228825
1419498283
1469362459
1488033311
1504363996
1527846717
1597702289
1633078470
1697022869
1747297922
1878510487
1963044490
1965069882
2027674632
2041328399
2129712496
-2127455009
-2117250554
-2087326437
-2077870273
-1990007924
-1971374461
-1944692600
-1929304515
-1910131130
-1868235020
-1817856720
-1801370689
-1771542037
-1722154655
-1664589122
-1631272054
-1571721070
-1552321241
-1545102916
-1401964500
-1391449834
-1384191864
-1336411075
-1303109703
-1244779102
-1146020989
-1130820885
-1099151969
-1077039909
-1050485477
-918224455
-898603160
-872025331
-868263068
-860795650
-844050044
-788479051
-761168730
-747199170
-725895844
-667479959
-659707475
-583194383
-564155156
-426981619
-420299645
-351624507
-319209537
-293871368
-291699333
-290335700
-262343922
-242202224
-221488721
-206248812
-91605925
-73892363
-63667370
-38557500
-712401225
45457281
-571976840
-412917441
1164798629
-1244143371
-811815557
-493403771
1476639826
-1001339043
-392457074
2138642941
-17501825
-2061401434
-25905178
-1674205280
766204215
-1203931760
1248240862
-1369069615
473025424
1146883193
-351269516
-1788867159
21056743
-1463878396
-61964386
1675767457
-1833657228
-1032254009
950481840
-961170007
-326518765
1242774964
-924623367
1936785840
337702618
158171705
2041953557
65654456
1047453602
-1884497991
-2076181912
-1706441811
735526202
-1797125864
542839779
-1060822792
2021102274
-402471226
1316343154
-741102719
-1191443369
-2115611119
-114713437
-1959433778
1148493821
1808018238
1577169596
-1002629334
646474053
-1997716077
120887162
138876000
1508948945
474958569
722342351
-1468993786
2036623051
999706219
-1569445782
1677391786
-460113237
622716267
2104581290
-2024843595
-329189021
2022411125
-1327455364
726530856
2100792730
728075997
-175017164
-2050898427
1055701908
-1715803467
-653459357
-1070851397
845583515
2098737659
844313237
-65183262
-1195438219
-203898344
-2112569395
1118450748
-292150873
-2082534074
695741606
-1427892027
921332808
148851736
-96621566
-246661133
-1262158003
-1018877175
974187606
-1409455653
373456326
463676259
828194394
2010664285
107651790
2067334379
269921085
211184060
1083656667
657683939
8468065
1033367657
1808353432
-1571724048
923437588
509837259
1967968285
-1951070128
321736479
2013454537
-846279240
945503288
-190932705
1251026083
1614251513
1731159761
-1982419039
-1786469509
-1581688263
743997275
-356474886
1982757105
1809661625
-1598889234
-1396060784
-1463234400
-1043536362
-71619421
-1036048603
-799398635
-1826784614
-216244728
1900650430
160399377
1083599709
1443761067
1712243859
1728551410
-758700053
-122004843
-935682858
-1558891776
-1195186750
-989571004
1045862252
1939748455
-1370317795
908224637
1563312684
906096122
728272237
-84771169
-1309098134
-295550517
-597731380
-1032035186
645397965
-127329402
-1824082864
-1174051540
557284433
-1402229017
1079548021
-872893760
1488774631
1172758107
784953741
1354192791
-621420459
66871370
-1400033212
1315734712
1588964858
899285548
-407730733
894764392
-628051417
335761210
999920635
539674444
1258645658
776166490
125424819
-507833217
-1955045232
-271835408
-51989920
-717247378
-1106246728
-1279077385
-1075872598
-1726366953
194775121
-77283388
-1417346035
1680244846
1449003851
448860488
11767878
1870607878
-734575996
1018738302
-1608250762
-230105383
833106433
281545354
151418312
1603991313
-2079736725
121070862
1104654934
1907080927
21885718
1261593073
767759223
-1024968728
616491758
897972488
723998586
-1916938775
-1364281011
1439804066
-805689115
403811243
-1113949819
697800618
1428723499
967282697
-1084920143
-1466309731
-448107009
-1186863872
1011330084
2025947001
-574587366
908121363
954810616
1637417250
-376941428
1596779655
840051307
-2085745584
1728000581
-850418118
-2083124057
-1787733312
-714676326
248446267
235121754
1076844369
-349531464
-1930477881
657756428
-468475688
102332126
-286356942
-73548976
-565326969
-316414017
-556683395
1900486079
-1783694610
180799898
-1035124680
-2117518610
-1623173525
-456889580
835194943
-1108838916
1533142684
-1539431187
-501038948
-2117325413
-2140670371
434582471
-440481763
1879094687
936942018
466917305
-1978469108
1816806729
1468279945
-135329498
-1981952486
361979851
-36405002
-1391515320
-101681252
1390302926
334563921
-2031836598
-121974140
-1022736241
-281315137
-182570991
1672577726
-1399274929
-332490271
1444766355
-828839086
-495359963
-1563479157
-1288414095
1797474055
1398822402
870073041
-1003908801
1307343947
1164686898
1996083735
1055203858
1494552482
-1119612882
583112652
-654847772
559837218
-235785626
1596150587
1034786411
-1282623115
-239731030
1530757025
-123266579
485123800
-1653530877
1376505010
2019041761
1497649755
-333846226
1148886176
1707570750
2067868993
-344962408
-437084237
1012341663
-1911906142
-1355153713
-823390522
-1768096731
-233248475
1637862913
1505535053
351272750
1720454273
-1857950072
1120644594
1648573307
359225865
-1476270833
-692603294
2053320690
1485627099
-1806481
572303691
97081316
-1999838805
-540153718
1061117484
-1859234572
-237402283
370389635
1004607795
-1806737806
2083913802
-241608548
852994592
347104894
653485060
824315234
-1432829112
-1980124612
1442734364
-533621019
-796057400
-163538249
-1493331335
1521728503
-1512013748
-247233931
-697605544
-1497950734
-429088761
344630045
1907094223
16900886
2135008249
819521310
-1722419859
1204974161
-676045049
-1560589133
414232238
480214149
1546200875
-2126804247
-549329424
981243646
2060111184
-1142858279
976536577
-1696372173
-621875097
-1791094215
-662839372
1803734010
1706537850
471603466
-831775935
378108709
736285064
1308475368
1250301091
1120356150
1969419862
321089424
376652263
83363725
1486023565
-506381969
222098728
1256829912
392576311
-889859636
657563288
682202915
-388046103
2101378837
1427410471
182365669
-485869019
1917293274
-981114531
606881514
-12660438
718143371
1123335652
1565732219
1488749413
-809905809
-965313010
1641093480
114234520
1658266135
123694725
702298454
-941226989
718930473
-38182347
-1058149816
-1286027169
633656490
-1464817306
-872376577
-1334194473
-1306505176
1617871817
-985941555
-664741464
1988417530
-1063875323
932646189
3139475
881931858
980451765
-559489485
1955671007
999284945
635599918
-1764217888
-1693745715
1959385234
2075876969
285434520
-2123799238
1448255791
1529106381
-881988466
-945860583
1706719399
820510470
-467396381
423216560
-126625679
1602144987
1686118231
636888145
-722568905
-1566261773
-394614762
1593913871
614255793
-1496694223
-1260669468
-1845910714
639641290
310211574
469517854
-722009601
-1531329643
428710100
740854184
704034989
-1154784430
-1710085876
-738105452
-264519934
-1415268579
-1644922397
-1972138874
-1146799986
1264805223
725171360
1259568648
-331468708
1918912761
-1727003155
948643467
268295002
806296666
206645241
1606547124
1502420269
1583596569
-1428859107
1496865426
831968598
35699166
636137187
1566445685
-278364475
1359573455
1046188097
435032465
1963908141
-728367285
-1932249109
-1139351990
909779409
-381487126
-2106763204
-1511263376
-500891901
160164056
-1047456505
1775074715
1687219927
-533679541
767082950
1577221793
-1596307605
233542742
-345595139
1258127771
2007100307
479085637
576858487
-265348198
-93064530
1740204108
-554798165
1360028395
-1751055689
-1286806341
659366334
1281527400
-874956793
564505529
1327184457
-541147407
-1866030866
687747376
-903512505
1400544351
847002779
-526758775
77148664
1112059316
-1016309449
1895414186
-2076222564
146467882
-1147713609
-1704420545
1404889218
-361216079
865029002
-1254215605
2107827613
69903300
-962393137
-1343463928
-1823756360
-1936026060
1878815273
932236264
-2021750218
178899385
-1125396589
1296189132
1385659234
-1827035998
621390226
-1196624290
-672974082
-217562011
-612415742
-960199764
1079046402
-1962138969
977562721
-1127211313
2005716330
1178816211
887591700
1366546050
1472663677
-1898204958
-718094920
-1105390994
-700092332
-1094508323
-1744444696
1491117189
-1818349201
-242142803
1795282780
-1223135453
-667411273
-975880444
-2136935671
-1106859965
-1533046301
-810533323
-890461680
677580363
692947166
-1892162773
1059169574
1525822729
54162411
862408726
38489205
772866578
-423210591
950479343
-629305205
408656610
497571051
1744774396
-588497289
1344170176
109437164
-1661380141
507462483
1293637752
-1035249984
1464477679
-145880044
-440220124
403595343
-483067145
1009675376
892834735
-948776942
885693108
-1681449957
-1176997712
783520943
49993025
-20498706
2018722880
-1525482501
-2073122833
-2082306838
637657454
596019541
523841519
-1784247102
1467680327
898213193
427427592
244684152
1926016081
-1975348661
-1043443740
-824658759
-2119375310
-712726342
121148572
1393613332
-865843399
-1739847247
-1046530973
-1500612382
1191921357
538577484
-1940417176
-347678231
-1856854576
-163321519
-444575922
-1625249112
1825766958
2010850850
1478170832
1982213945
323061643
-2057859500
119153898
139157043
211628650
235553401
399821782
538277154
603924993
831984209
1024476570
1272548363
1843254313
1893262481
-1636100730
-1501493364
-1445954219
-1148963020
-967771100
-364728467
-347494777
-169879429
-162752961
-46185976
2113886108
414260008
3205490
-1595305758
-1277065992
-842363069
1541179036
547400405
976933290
1015704929
1034263149
1886206822
-1154357053
-151434808
-703841576
-1773887404
-1262586714
222670670
801078204
-2086583025
530490332
334482838
1579642013
-366338980
-1986409555
-1624512713
-784961435
-884621429
204192442
130785327
-1051121087
2063275788
1548466180
-2079600286
-539782918
1237686565
173469779
391364843
513645683
741520067
794405946
796231406
1201557848
1520132576
-1933409539
-1849183675
-1056300042
-602991794
-223985905
-9461433
351448623
-1519628104
-425172680
341476600
-115376691
-1842294245
572231402
940960598
-139109350
-872699410
-1596717512
514019014
-2093934990
563738437
-1349169563
1689561522
1278412894
656189320
-559862697
993995277
-1830336456
-304201368
1553288789
-618898662
-2037448449
-1945310458
-185883422
1995605056
-1945077905
938490619
539872493
-1934629467
2014901651
-1085949627
-121296188
1859330843
48965148
176294278
245219069
336295818
665228365
691818095
983803125
1037338560
1523317729
1788563307
1848178655
2003502590
-1867578030
-1863633377
-1616729089
-1578699994
-1311195706
-1159383824
-1137191333
-888383007
-795343491
-583683835
-319141912
-234916016
-99295714
-1396489190
527278570
386104377
-823677494
-669188962
483597721
1770292486
-1625093829
154468580
780802254
1665317317
2118617469
-1474401696
-1256498472
-438908053
-236113482
1286950688
-1530273736
-622662781
1291117148
3744121
57438404
187841068
199495258
220259893
383860450
438747209
530898588
583435983
648001572
719761325
753622930
808651868
835795940
876641814
930374160
953854382
962386184
971407436
996074546
1016405732
1058684153
1177333585
1220687162
1411531442
1414174866
1529454569
1537114860
1579902220
1645753973
1666886222
1714452652
1759645462
1798567382
1800870191
1847167493
1878510487
1938969975
2027674632
-2126794545
-2118130016
-2077870273
-2061401434
-1972138874
-1971374461
-1922007820
-1871360948
-1868235020
-1817856720
-1801370689
-1773926424
-1762705034
-1698314412
-1680753708
-1609839990
-1545102916
-1437868157
-1401964500
-1385754492
-1384191864
-1328305582
-1303109703
-1255637430
-1244779102
-1176905400
-1147393613
-1093102613
-1061626369
-1014819565
-983343985
-981350369
-846150483
-813520541
-771131887
-747199170
-728107420
-685709306
-574755513
-564155156
-536245212
-493674932
-426981619
-407401417
-291699333
-280864878
-174837038
-160898489
-141974070
-110426826
-73892363
-63667370
-38557500
-17501825
-250570702
796231406
-730599811
-1953052142
643008541
1134335118
257219622
-352263322
420218794
1654563622
-729943923
-1958488186
513537696
-1358624713
-402471226
1316343154
-741102719
-1191443369
-2115611119
-114713437
-1959433778
1148493821
1808018238
1577169596
-1002629334
646474053
-1997716077
120887162
5125246
-890302817
-1524901340
-835422734
-1781111983
-804445590
933375877
-797247614
-1729385066
-205258176
-1120664012
-118536433
547740485
-1579308529
-1700471176
137703021
1662681531
-592810949
-1720636160
-782733844
937542587
1816039816
118570590
-1128445662
-110753767
1098940465
-53204891
653561505
1006489469
1355964587
391551318
1385027693
1975597630
942440067
-1095234515
-497846294
-1988306884
1874121407
711955332
1787438011
1603576486
1552816777
-198973643
-1626584861
1944799328
909117787
-818193147
-965548275
529029535
-1535053978
-569997729
2142430005
-338355420
1170120027
846873150
-2021740989
1833003402
-1508001233
-171610498
-1241511422
-584079916
-492956855
-1320913797
445679657
-1151600396
1288549940
963765645
1381911131
-152083563
-285786477
-500622768
1316186534
-1196624290
-672974082
371259273
-1493224475
-348679442
-1722154655
-1341283044
40715253
1156268843
1536521382
695741606
-1308688168
-1865832701
-1915971653
1550972
-1584625382
-255759037
-391260899
-1185452635
1096683477
348253549
862681320
705668345
1092619055
-466206323
-1478640188
-1578303306
-1730497892
-1965350707
-663538438
1356807341
1244057111
554262977
2110945810
1706624172
313249546
-940255446
940129065
2085405558
-1957010276
1705823346
-246661133
-1262158003
-1018877175
974187606
-1409455653
373456326
463676259
828194394
2010664285
107651790
2067334379
269921085
211184060
950481840
1083656667
657683939
8468065
1033367657
1808353432
-1571724048
923437588
509837259
1967968285
-1951070128
321736479
2013454537
-846279240
945503288
-190932705
1251026083
1614251513
1731159761
-1982419039
-1786469509
-1581688263
743997275
-356474886
1982757105
1809661625
-1598889234
-1396060784
-1463234400
-1043536362
-71619421
-1036048603
-799398635
-1826784614
-216244728
1900650430
160399377
1083599709
1443761067
1712243859
1728551410
-758700053
-122004843
-935682858
-1558891776
-1195186750
-989571004
1045862252
1939748455
-1370317795
908224637
1563312684
906096122
728272237
-84771169
-1309098134
-295550517
-597731380
-1032035186
645397965
-127329402
-1824082864
-1174051540
557284433
-1402229017
1079548021
-872893760
1488774631
1172758107
784953741
1354192791
-621420459
66871370
-1400033212
1315734712
1588964858
899285548
-407730733
894764392
-628051417
335761210
999920635
539674444
1258645658
776166490
125424819
-507833217
-1955045232
-271835408
-51989920
-717247378
-1106246728
-1279077385
-1075872598
-1726366953
194775121
-77283388
-1417346035
1680244846
1449003851
448860488
11767878
1870607878
-734575996
1018738302
-1608250762
-230105383
833106433
281545354
151418312
1603991313
-2079736725
121070862
1104654934
1907080927
21885718
1261593073
767759223
-1024968728
616491758
897972488
723998586
-1916938775
-1364281011
1439804066
-805689115
403811243
-1113949819
697800618
1428723499
967282697
-1084920143
-1466309731
-448107009
-1186863872
1011330084
2025947001
-574587366
908121363
954810616
1637417250
-376941428
1596779655
840051307
-2085745584
1728000581
-850418118
-2083124057
-1787733312
-714676326
248446267
235121754
1076844369
-349531464
-1930477881
657756428
-468475688
102332126
-286356942
-73548976
-565326969
-316414017
-556683395
1900486079
-1783694610
180799898
-1035124680
-2117518610
-1623173525
-456889580
835194943
-1108838916
1533142684
-1539431187
-501038948
-2117325413
-2140670371
434582471
-440481763
1879094687
936942018
466917305
-1978469108
1816806729
1468279945
-135329498
-1981952486
361979851
-36405002
-1391515320
-101681252
1390302926
334563921
-2031836598
-121974140
-1022736241
-281315137
-182570991
1672577726
-1399274929
-332490271
1444766355
-828839086
-495359963
-1563479157
-1288414095
1797474055
1398822402
870073041
-1003908801
1307343947
1164686898
1996083735
1055203858
1494552482
-1119612882
583112652
-654847772
559837218
-235785626
1596150587
1034786411
-1282623115
-239731030
1530757025
-123266579
485123800
-1653530877
1376505010
2019041761
1497649755
-333846226
1148886176
1707570750
2067868993
-344962408
-437084237
1012341663
-1911906142
-1355153713
-823390522
-1768096731
-233248475
1637862913
1505535053
351272750
1720454273
-1857950072
1120644594
1648573307
359225865
-1476270833
-692603294
2053320690
1485627099
-1806481
572303691
97081316
-1999838805
-540153718
1061117484
-1859234572
-237402283
370389635
1004607795
-1806737806
2083913802
-241608548
852994592
347104894
653485060
824315234
-1432829112
-1980124612
1442734364
-533621019
-796057400
-163538249
-1493331335
1521728503
-1512013748
-247233931
-697605544
-1497950734
-429088761
344630045
1907094223
16900886
2135008249
819521310
-1722419859
1204974161
-676045049
-1560589133
414232238
480214149
1546200875
-2126804247
-549329424
981243646
2060111184
-1142858279
976536577
-1696372173
-621875097
-1791094215
-662839372
1803734010
1706537850
471603466
-831775935
378108709
736285064
1308475368
1250301091
1120356150
1969419862
321089424
376652263
83363725
1486023565
-506381969
222098728
1256829912
392576311
-889859636
657563288
682202915
-388046103
2101378837
1427410471
182365669
-485869019
1917293274
-981114531
606881514
-12660438
718143371
1123335652
1565732219
1488749413
-809905809
-965313010
1641093480
114234520
1658266135
123694725
702298454
-941226989
718930473
-38182347
-1058149816
-1286027169
633656490
-1464817306
-872376577
-1334194473
-1306505176
1617871817
-985941555
-664741464
1988417530
-1063875323
932646189
3139475
881931858
980451765
-559489485
1955671007
999284945
635599918
-1764217888
-1693745715
1959385234
2075876969
285434520
-2123799238
1448255791
636888145
-722568905
-1566261773
-394614762
1593913871
614255793
-1496694223
-1260669468
-1845910714
639641290
310211574
469517854
-722009601
-1531329643
428710100
740854184
704034989
-1154784430
-1710085876
-738105452
-264519934
-1415268579
-1644922397
-1125396589
1296189132
1385659234
-1827035998
621390226
-217562011
1529106381
-881988466
-945860583
1706719399
820510470
-467396381
423216560
-126625679
1602144987
1686118231
-612415742
728695121
1077980807
1608708044
-619468310
-1826004824
-43891858
41451478
1963908141
-728367285
-1932249109
-1139351990
909779409
-381487126
-2106763204
-1511263376
-500891901
160164056
-1047456505
1775074715
1687219927
-533679541
767082950
1577221793
-1596307605
233542742
-345595139
1258127771
2007100307
479085637
576858487
-265348198
-93064530
1740204108
-554798165
1360028395
-1751055689
-1286806341
659366334
1281527400
-874956793
564505529
1327184457
-541147407
-1866030866
-130196016
1236860494
735063844
-2102253889
695850927
1112963193
614931215
989816671
1016254307
1472028853
-1854358871
-957024391
-1478773080
-856417922
-1836074343
141728497
1667052839
-981498362
-557113878
-2081281264
1888901878
-1623422591
-1666465452
645496458
1274728409
2072311169
-732908299
-245931737
-200860394
-2141754957
-1343463928
1113622406
2094706740
1251598893
259922393
165935948
-1531486242
-980259726
1601724709
-292150873
634057218
-1253025895
662024305
253166781
-1583756568
-1928578269
-1353526215
-504696502
-652824269
1252056940
-519595654
-1048326086
-1431535636
1718926664
1829743607
1112538871
-731581787
-994778575
-1778574443
1495773850
-1705944729
-174295853
701457427
232468011
66379833
1500811472
1380862104
1037831137
-1532547294
1839065652
-971449966
259425640
2091967727
2004745628
1252019703
1688081206
310613765
789114891
-1829383374
1009454238
1596448075
958654059
-681575870
1230899635
-1444890397
1197479358
188984953
-2096628323
-1957759179
-1597891347
52572758
1432078808
1924238589
1918872208
-662989335
1038587571
1592780615
-1543114574
1600864810
-1135469805
1703620466
986081725
1286617841
-241518056
-1925257935
1682183959
-74809201
980372533
1450626621
1334252963
1875292964
585074149
-143877097
-751431293
-52420835
-364316126
-1609195591
-326518765
2111782964
-1954631266
-890796251
-419691984
305741479
2041953557
1525466083
-1281144155
-1625813374
-671946486
481180335
1365679012
-1733922623
-854135789
-1302787680
1472663677
-1898204958
-718094920
-1105390994
-700092332
-1094508323
-1744444696
1491117189
-1818349201
-242142803
-248229128
-1291394449
-882563779
1795282780
-1223135453
-667411273
-975880444
-2136935671
-1106859965
-1533046301
-810533323
-890461680
677580363
692947166
-1892162773
1059169574
-919645531
2056084333
862408726
38489205
772866578
-423210591
950479343
-629305205
408656610
497571051
1744774396
-588497289
437165343
-1311668024
-783135046
1981279107
1416511345
-1119143898
-1624052524
-1605498722
-2110268308
1796397883
1231753161
-309941867
-805339801
-678639387
-168485865
651852336
77835970
1797718663
-909410718
-723880074
-2069008078
641797591
995099843
1516629617
771834615
-823881575
242697336
1081698837
-1118279067
2140770142
1903800546
-1067124049
-2010133253
-202718304
626827850
-249463235
-1796241066
940753991
-1200766708
153735318
52804762
1981065419
805781327
-495081141
1394043458
1903083184
-259811027
-755348001
1970068336
-1284320021
1751772104
-1367874477
-1556793235
1697331190
-1104148267
2016282446
-201807394
2087442432
904308293
-1052122727
-1846636808
1479658012
-860834572
-559564622
1243924058
368667415
-2122836481
150756271
-1669520057
-1035249984
1464477679
-145880044
-440220124
-548510088
2018722880
-20498706
-121112932
-1887176757
1448922262
-1439652167
-1475713233
152536421
-1494063018
-188148039
782112129
403595343
-483067145
1009675376
892834735
-948776942
885693108
-1681449957
-1176997712
783520943
-1445384094
821508432
-525897402
613687908
-1801353897
763511916
-947989386
-750417968
-444575922
-1625249112
1825766958
-254502513
979477769
2010850850
1478170832
1982213945
1199386383
-781506864
3744121
94209947
150821774
381205264
438747209
438974693
441864627
661196132
685045913
733891374
734976724
831984209
835795940
852423182
976933290
985413598
1004211840
1015704929
1052051090
1156166679
1167426241
1261442286
1272548363
1298983433
1311942641
1414174866
1424069225
1666308804
1666842528
1732826104
1877893345
1928775476
1958329809
2041328399
2070924886
-2077870273
-1971374461
-1666824465
-1659810297
-1631272054
-1571721070
-1569310648
-1531792572
-1263734342
-1146020989
-1133769370
-1130820885
-1112252242
-1027416890
-1026885214
-959188834
-747199170
-667479959
-614406657
-468803161
-377875889
-364728467
-291699333
-262343922
-221488721
-194017162
-176508657
1689561522
1278412894
656189320
-559862697
993995277
-1830336456
-304201368
1553288789
-1922262905
-1045550262
-1434352484
1267715400
-1293201447
912204589
531552073
-39106375
-476067423
452168110
-1715301749
-219333283
1333402997
-360188392
-630932046
1701741609
723227443
2159754
1796168540
-1538414986
1936035865
-1376096446
583991033
1327992539
2123376855
922196764
49351948
1250643293
734673623
1088787713
-86414900
-136767490
-511765382
-1981335136
2008509287
-425172680
-402471226
1316343154
-741102719
-1191443369
-2115611119
-114713437
-1959433778
1148493821
1808018238
1577169596
-1002629334
646474053
-1997716077
120887162
1795282780
-2032782361
546533893
862408726
38489205
772866578
-423210591
950479343
-629305205
408656610
497571051
1744774396
-588497289
598811913
1952534392
-1420796780
1886502874
-429410811
709952469
928265069
1738121950
2057081446
-1396346501
-1312800317
-1236277072
-519188368
-332508627
432373380
2140733147
963326365
-1073790157
-522575975
-1757098647
-285304772
899834467
-953923740
1970588299
1454226261
-1061440886
21056743
67531418
86700756
136234296
138788598
314305961
399821782
477634124
688710463
774671052
831023551
840115281
853447918
968300831
996632224
1086772353
1124974372
1195923723
1201649868
1414174866
1506075042
1720670549
1732009376
1810478815
1893928945
1935279756
1936785840
2014815884
2066654641
-2137825441
-2090015085
-1971374461
-1899900326
-1876121548
-1819801801
-1788867159
-1774857038
-1759831185
-1744787372
-1569310648
-1512359040
-1498412888
-1458943092
-1450842530
-1280211191
-1236277072
-1145054124
-1110692697
-1095104598
-935569993
-861780027
-519837832
-384554500
-380690688
-169879429
-159941281
-133099969
-61964386
-34147516
-1589522556
254678220
1677835034
-1437281217
-1657091220
-204839209
-2113952643
1522800006
-84191356
-2087030065
642355690
-1463234400
1151514042
768556082
1790382063
915942286
-53204891
653561505
-1789350209
-25755287
1667043774
-1951070128
-289220411
-2048035053
-192238040
1136826965
761805171
-1343463928
796879019
1328486846
630263633
-1755123691
-537888832
695875190
1112906144
1619732021
-549043746
1582451565
897443003
259922393
165935948
-1531486242
-1559196093
-935386731
-1502449169
-716165641
1572502163
-921226072
-555670305
1103937471
-1715142508
-685274287
1242886476
-803035082
-827016014
-835811291
-781881222
-983486730
618217497
1989483169
-1772783502
1202084120
487452351
-1584890302
190916180
-1584410467
-967799185
1193375848
-1680596826
-1416318062
-14929713
137108107
-1297108678
164411371
757310459
976933805
1692738548
-1778544309
346809358
-1311841202
1541238055
414556141
-1802006926
-389852197
1590480269
2113886108
414260008
2041953557
1343978888
-638572019
-1196624290
1000093310
-1159995023
-2089915573
-1087767121
-1920189618
312943613
-809734551
966495026
937328883
1963908141
-728367285
-1932249109
-1139351990
909779409
-381487126
-2106763204
-1511263376
-500891901
160164056
-1047456505
1775074715
1687219927
-533679541
767082950
695741606
1577221793
-1596307605
233542742
-345595139
1258127771
2007100307
479085637
576858487
-265348198
-93064530
1740204108
-554798165
1360028395
-1751055689
-1286806341
659366334
1281527400
-874956793
564505529
1327184457
-541147407
-1866030866
1472663677
-1898204958
-718094920
-1105390994
-700092332
-1094508323
-1744444696
1491117189
-1818349201
-242142803
-1223135453
-667411273
-975880444
-2136935671
-1106859965
-1533046301
-810533323
-890461680
677580363
692947166
-1892162773
1059169574
-1649324680
-1213007622
-909410718
-2127811236
403595343
-483067145
1009675376
892834735
-948776942
885693108
-1681449957
-1176997712
783520943
-444575922
-1625249112
1825766958
2010850850
1478170832
1982213945
-476428605
1972129564
207081287
1034121121
1258120889
1703842990
2018602625
-1699604966
-641053209
-151012348
-95626127
-915964984
-297825535
-523272666
-2129403237
-1993435350
974880453
263906692
-1131475861
-991545823
2010374094
-1162564676
748855907
34706976
42039965
63306565
130557538
171647968
189833503
245860859
254040559
310962726
324972090
354111734
369959658
387032175
432214714
473411068
481425631
583101664
600404938
627801612
644772023
758582422
778840051
829661149
843235726
862525259
1000904544
1053574002
1053802601
1122826468
1152112432
1184366612
1442463526
1537028268
1671726840
1845613249
1851235585
1896026884
1929699961
1933233316
2044465621
2061014302
2124527168
-2070740502
-1984943295
-1916480591
-1879636843
-1663221677
-1558554117
-1520631452
-1460120227
-1430955261
-1427490338
-1381977480
-1266650224
-1241684507
-1223353504
-1211662921
-1202179620
-1192585273
-1175951491
-1173009381
-1121264711
-1083801227
-998733238
-916925480
-808665497
-761282273
-662501986
-449776554
-422843226
-392847249
-223865761
-175075113
-131952919
-130693906
183472329
635464029
-1552671757
1747503190
-1724904154
924050402
-61919161
-1316515508
-1706836624
-244575578
2025319159
2694222
-935769256
163026072
684513190
1510585896
1932698539
719833050
1508797553
-1738493007
-1600010639
2116634216
-1322339929
-1296270229
-1214708731
-940758889
-880772611
1546865129
1662901019
-1648519639
-2101375135
-1408432892
195298945
1689191837
-1513318640
-581640587
-938905551
-984148896
1717690784
2091700104
37704805
1236388497
-341270921
-1109463657
1170214886
69547647
-1945173715
-955548916
-1297318878
167882731
-1687893808
461161874
372794977
1340047757
1072747155
1587735540
-1852292350
-413585380
-625658766
-822474951
1518138179
1650130348
-1432169203
798897765
1532770750
-113379793
-208465633
4230094
1147245385
-782650711
1858788648
938350499
24944627
-1074837534
794404224
-1892492605
176113840
-368252853
1017796986
994472360
1320899969
-1711176358
1269007405
546057211
602490451
1633268495
691698060
-428109889
61152029
650955592
262682790
-1103706575
-1329149253
-1461427884
-44454276
-308311464
1840777577
36257639
-1012408153
2136058734
685942904
-510947318
1293846094
-1988523234
2135659444
-471533242
-1729722049
-1982847512
271729641
-2040235480
2019371502
1507546118
-548460888
-1983242712
257846406
592880564
-1513959142
1059182741
-1234167679
-1707289779
64927052
-1748367831
1590022850
1711843195
59891208
-1405987298
433525619
-2021559261
1673013761
1841072606
1149738077
-2062990435
-610565822
778149930
642342007
-1985028808
590724616
-1307906122
-1699499350
-47161701
-775844349
1123159709
-1367989338
-83493718
-1884404856
-1031122090
1573484982
-1686966027
-1899827666
-2011719404
78993290
830802304
-252589316
1086466528
106177464
1313149885
-901889985
-1758831406
-1967302414
1934113043
-486189636
-402555195
-453845882
1825996186
-1556108258
-1111313392
-859679439
1579304534
1996862935
1703252413
209469269
1700196037
-725086126
-989622096
-2114033013
-1675580382
-826642590
-1576411132
-17245078
1332093693
-1445801767
604112609
-392729040
-278129027
508250399
335364230
-1853664109
-939118851
-771232030
-2050060298
-1613803543
1318214739
1418959948
290661406
-2025509439
17839198
34706976
56344694
63306565
98072279
107651790
171647968
189833503
196936789
210438768
245860859
257219622
266012895
369959658
384536594
387032175
460381196
583101664
640369873
733891374
734228228
749884829
834102565
844313237
902256458
970037624
1016405732
1049788588
1124974372
1184366612
1240263968
1318281597
1402360261
1411531442
1414174866
1424069225
1449534378
1537028268
1546190139
1573273268
1622241796
1632130477
1635447958
1666842528
1737520240
1783851813
1929836649
1963044490
2016627858
2088748078
-2049985832
-1971374461
-1954117463
-1950877648
-1944692600
-1919087069
-1916480591
-1897521355
-1788867159
-1731558816
-1546477878
-1482892445
-1440340173
-1430955261
-1391449834
-1371526215
-1364506619
-1222436981
-1211662921
-1146020989
-1083801227
-1058940944
-1024260136
-939060269
-712401225
-614406657
-590401487
-575192137
-571976840
-567924141
-526402399
-408577263
-403798472
-322496117
-315516000
-291699333
-176508657
-142273954
-85215616
1402081516
-234278006
-1379211422
-1555147731
1622622437
220259893
1169869968
-93192355
-2073170510
-312315736
1099642567
1811284486
943495067
-1985844980
-641053209
412158535
1102919833
1932808434
404487972
1828675057
-1330243162
2113347880
-1452436451
-900928578
690232522
-1998957784
271432780
2063733658
1937717996
-1676894527
518966678
-1225919744
-1867999123
916749271
1442572939
-368252853
1017796986
994472360
1320899969
2044465621
-1711176358
1269007405
546057211
602490451
1633268495
691698060
-428109889
61152029
650955592
-402471226
1316343154
-741102719
-1191443369
-2115611119
-114713437
-1959433778
1148493821
1808018238
1577169596
-1002629334
646474053
-1997716077
120887162
-61964386
21056743
1156415337
1809661625
436063553
-1463878396
-384554500
-60764368
1508397009
1675767457
-1032254009
153476706
-2070740502
603924993
778149930
2041953557
1652620921
-1589522556
254678220
1677835034
-1437281217
-1657091220
-204839209
-2113952643
1522800006
-84191356
-1203931760
1248240862
-1369069615
473025424
1146883193
-351269516
-1833657228
950481840
-961170007
-326518765
1242774964
-924623367
1936785840
337702618
158171705
65654456
1047453602
-1884497991
45457281
207888550
-412917441
1459462056
-1965350707
-663538438
-813269037
-1532375035
-1202493888
-456224760
-618027298
453329192
529724935
2103224690
-1338031305
695800026
531220204
-954252183
1773906388
1984108012
-1894900882
1252599264
-58181232
-2054429867
-962148771
-1965562526
1549922167
1546662715
-30912365
862681320
705668345
1092619055
-466206323
-1478640188
-1578303306
-1730497892
1166933368
-549457535
1356516420
-884369222
-1786148589
-22665531
-1300578882
-140379003
1498536181
-246661133
-1262158003
-1018877175
974187606
-1409455653
373456326
463676259
828194394
2010664285
2067334379
269921085
211184060
1083656667
657683939
8468065
1033367657
1808353432
-1571724048
923437588
509837259
1967968285
-1951070128
321736479
2013454537
-846279240
945503288
-190932705
1251026083
1614251513
1731159761
-1982419039
-1786469509
-1581688263
743997275
-356474886
1982757105
-1598889234
-1396060784
-1463234400
-1043536362
-71619421
-1036048603
-799398635
-1826784614
-216244728
1900650430
160399377
1083599709
1443761067
1712243859
1728551410
-758700053
-122004843
-935682858
-1558891776
-1195186750
-989571004
1045862252
1939748455
-1370317795
908224637
1563312684
906096122
728272237
-84771169
-1309098134
-295550517
-597731380
-1032035186
645397965
-127329402
-1824082864
-1174051540
557284433
-1402229017
1079548021
-872893760
1488774631
1172758107
784953741
1354192791
-621420459
66871370
-1400033212
1315734712
1588964858
899285548
-407730733
894764392
-628051417
335761210
999920635
539674444
1258645658
776166490
125424819
-507833217
-1955045232
-271835408
-51989920
-717247378
-1106246728
-1279077385
-1075872598
-1726366953
194775121
-77283388
-1417346035
1680244846
1449003851
448860488
11767878
1870607878
-734575996
1018738302
-1608250762
-230105383
833106433
281545354
151418312
1603991313
-2079736725
121070862
1104654934
1907080927
21885718
1261593073
767759223
-1024968728
616491758
897972488
723998586
-1916938775
-1364281011
1439804066
-805689115
403811243
-1113949819
697800618
1428723499
967282697
-1084920143
-1466309731
-448107009
-1186863872
1011330084
2025947001
-574587366
908121363
954810616
1637417250
-376941428
1596779655
840051307
-2085745584
1728000581
-850418118
-2083124057
-1787733312
-714676326
248446267
235121754
1076844369
-349531464
-1930477881
657756428
-468475688
102332126
-286356942
-73548976
-565326969
-316414017
-556683395
1900486079
-1783694610
180799898
-1035124680
-2117518610
-1623173525
-456889580
835194943
-1108838916
1533142684
-1539431187
-501038948
-2117325413
-2140670371
434582471
-440481763
1879094687
936942018
466917305
-1978469108
1816806729
1468279945
-135329498
-1981952486
361979851
-36405002
-1391515320
-101681252
1390302926
334563921
-2031836598
-121974140
-1022736241
-281315137
-182570991
1672577726
-1399274929
-332490271
1444766355
-828839086
-495359963
-1563479157
-1288414095
1797474055
1398822402
870073041
-1003908801
1307343947
1164686898
1996083735
1055203858
1494552482
-1119612882
583112652
-654847772
559837218
-235785626
1596150587
1034786411
-1282623115
-239731030
1530757025
-123266579
485123800
-1653530877
1376505010
2019041761
1497649755
-333846226
1148886176
1707570750
2067868993
-344962408
-437084237
1012341663
-1911906142
-1355153713
-823390522
-1768096731
-233248475
1637862913
1505535053
351272750
1720454273
-1857950072
1120644594
1648573307
359225865
-1476270833
-692603294
2053320690
1485627099
-1806481
572303691
97081316
-1999838805
-540153718
1061117484
-1859234572
-237402283
370389635
1004607795
-1806737806
2083913802
-241608548
852994592
347104894
653485060
824315234
-1432829112
-1980124612
1442734364
-533621019
-796057400
-163538249
-1493331335
1521728503
-1512013748
-247233931
-697605544
-1497950734
-429088761
344630045
1907094223
16900886
2135008249
819521310
-1722419859
1204974161
-676045049
-1560589133
414232238
480214149
1546200875
-2126804247
-549329424
981243646
2060111184
-1142858279
976536577
-1696372173
-621875097
-1791094215
-662839372
1803734010
1706537850
471603466
-831775935
378108709
736285064
1308475368
1250301091
1120356150
1969419862
321089424
376652263
83363725
1486023565
-506381969
222098728
1256829912
392576311
-889859636
657563288
682202915
-388046103
2101378837
1427410471
182365669
-485869019
1917293274
-981114531
606881514
-12660438
718143371
1123335652
1565732219
1488749413
-809905809
-965313010
1641093480
114234520
1658266135
123694725
702298454
-941226989
718930473
-38182347
-1058149816
-1286027169
633656490
-1464817306
-872376577
-1334194473
-1306505176
1617871817
-985941555
-664741464
1988417530
-1063875323
932646189
3139475
881931858
980451765
-559489485
1955671007
999284945
635599918
-1764217888
-1693745715
1959385234
2075876969
285434520
-2123799238
1448255791
636888145
-722568905
-1566261773
-394614762
1593913871
614255793
-1496694223
-1260669468
-1845910714
639641290
310211574
469517854
-722009601
695741606
-1531329643
428710100
740854184
704034989
-1154784430
-1710085876
-738105452
-264519934
-1415268579
-1644922397
-775739995
1192748139
-1229701899
807423579
2112417616
1810478815
-1787052232
1579642013
1236860494
735063844
-2102253889
695850927
1112963193
614931215
989816671
1016254307
1472028853
-1854358871
-957024391
-1478773080
-856417922
-1836074343
141728497
1667052839
-981498362
-557113878
-2081281264
1888901878
-1623422591
-1666465452
645496458
1274728409
2072311169
-732908299
-245931737
-200860394
-2141754957
-1343463928
1113622406
2094706740
1251598893
259922393
165935948
-1531486242
-980259726
1601724709
-292150873
634057218
-1253025895
662024305
253166781
-1583756568
-1928578269
-1353526215
-504696502
-652824269
1252056940
-519595654
-1048326086
-1431535636
1718926664
1829743607
1112538871
-731581787
-994778575
-1778574443
1495773850
-1705944729
-174295853
701457427
232468011
66379833
1500811472
1380862104
1037831137
-1532547294
1839065652
-971449966
259425640
2091967727
2004745628
1252019703
1688081206
310613765
789114891
-1829383374
1009454238
1596448075
958654059
-681575870
1230899635
-1444890397
1197479358
188984953
-2096628323
-1957759179
-1597891347
52572758
1432078808
1924238589
1918872208
-662989335
1038587571
1592780615
-1543114574
1600864810
-1135469805
1703620466
986081725
1286617841
-241518056
-1925257935
1682183959
-74809201
980372533
1450626621
1334252963
1875292964
585074149
-143877097
-751431293
-52420835
-364316126
-1609195591
2111782964
-1954631266
-890796251
-419691984
305741479
1963908141
-728367285
-1932249109
-1139351990
909779409
-381487126
-2106763204
-1511263376
-500891901
160164056
-1047456505
1775074715
1687219927
-533679541
767082950
1577221793
-1596307605
233542742
-345595139
1258127771
2007100307
479085637
576858487
-265348198
-93064530
1740204108
-554798165
1360028395
-1751055689
-1286806341
659366334
1281527400
-874956793
564505529
1327184457
-541147407
-1866030866
-53204891
653561505
-1789350209
-25755287
1667043774
-289220411
-2048035053
-192238040
1136826965
761805171
796879019
1328486846
630263633
-1755123691
-537888832
695875190
1112906144
1619732021
-549043746
1582451565
897443003
-1559196093
-935386731
-1502449169
-716165641
1572502163
-921226072
-555670305
1103937471
-1715142508
-685274287
1242886476
-803035082
-827016014
-835811291
-781881222
-983486730
618217497
1989483169
-1772783502
1202084120
487452351
-1584890302
190916180
-1584410467
-967799185
1193375848
-1680596826
-1416318062
-14929713
137108107
-1297108678
164411371
757310459
976933805
1692738548
-1778544309
346809358
-1311841202
1541238055
414556141
-1802006926
-389852197
1590480269
695425978
1529106381
-881988466
1435830477
-864588084
-1540053145
820510470
63147046
-126625679
-180050769
-103346305
-1870736257
-563278352
1325300825
469789887
1288549940
-1151600396
2082987643
386429357
2139676856
927920709
-1916858183
-2030850397
-1281144155
-1196624290
1000093310
-1159995023
-2089915573
-1087767121
-1920189618
312943613
-809734551
1658987382
-1013137455
-1324089876
1465418295
-32127006
888584654
1472663677
-1898204958
-718094920
-1105390994
-700092332
-1094508323
-1744444696
1491117189
-1818349201
-242142803
1795282780
-1223135453
-667411273
-975880444
-2136935671
-1106859965
-1533046301
-810533323
-890461680
677580363
692947166
-1892162773
1059169574
702601099
-2065883997
862408726
38489205
772866578
-423210591
950479343
-629305205
408656610
497571051
1744774396
-588497289
812562424
-330558888
1135938169
425102827
2031635516
1732215384
-373426387
1558454037
-2145695237
9385536
1464477679
-145880044
-1076609351
938267530
-457642910
-1321181847
1548466180
-2079600286
-525897402
613687908
-1801353897
763511916
-947989386
-750417968
403595343
-483067145
1009675376
892834735
-948776942
885693108
-1681449957
-1176997712
783520943
-1213007622
-909410718
-2127811236
-1317494492
1647091404
-2082306838
936652743
-1676881235
-268546496
-1021432467
-1448942349
-969968739
-2070889302
-444575922
-1625249112
1825766958
2010850850
1478170832
1982213945
-102304579
1878064482
23522691
122870358
611807922
638600711
783449003
991262399
1132681299
1716680143
1754259935
1809377036
1994250164
-2038568291
-1601948503
-1360992168
-1115618287
-921386311
-436148676
-313748062
-263609062
910195109
-1985363938
-1613795742
1811702292
-1766402721
-1542753256
619458424
1140489121
659884040
752000294
-1985421272
-2111192775
2016407731
744381374
-506620238
-1245954625
541280626
1949491839
158883057
1560934396
-923368655
-1668863940
1360323888
90525245
-1894169866
1558955382
-1009495595
287231666
-1690235505
916258569
-1695134251
-540576706
1281843409
-2139835760
-851961036
-1009661024
1649076422
265678485
1397015020
1298058307
-322572507
-748919503
-1769515478
-524195753
1096436529
1794013263
-881501399
-1448966722
-1841504409
-1303691228
1586188421
-694381942
1698926910
564480028
-13870508
-1144355978
800670678
-33598148
923169112
1950202285
2060374099
972363942
704856544
1765312789
-61168899
-1843971282
-1084134904
1179511630
-1428761150
47646140
-1464362703
1050775790
2133485341
1580155110
792813416
-1211534214
-1109930922
-1141684793
1111387968
1009637825
932861776
120512933
-962886683
-1590990562
-139762615
-1989100932
-118363868
783416639
1268429319
-515709532
154237227
-2016726144
-940295397
-334772421
-466354227
964725345
403812382
16262945
-2125151093
399524833
-1400736407
1913224609
1611686424
1191630886
551615449
1696668001
-121709075
-810398408
-378648137
1549382689
91707742
-1366239492
1176831583
393505747
1877753174
361692695