13870146
142397242
218559215
360316802
415782060
546380587
611375763
635712942
767734423
998769524
1046564731
1079403230
1121493630
1168457654
1177813140
1324902933
1414174866
1488019081
1677292351
1703540368
1892834654
1974220075
1982340152
2010913289
2094016102
-1971374461
-1897349740
-1866486859
-1813148372
-1773058243
-1519083904
-1062709322
-1021305697
-582286080
-567989209
-532477152
-316714993
-291699333
-223985905
-165098217
-12153997
-402471226
1316343154
-741102719
-1191443369
-2115611119
-114713437
-1959433778
1148493821
1808018238
1577169596
-1002629334
646474053
-1997716077
120887162
-507597947
480753393
-1065010301
-387666368
1418155529
-214278120
-566517945
-1873283157
-1989719739
356832376
1354375721
936792764
1056297926
-1067297482
-1361645893
-338443224
-1188481396
-484190947
-2092646712
1374007401
1476099056
-208374030
-1732519644
432355586
1545439570
1735478184
561510032
866593195
570503921
2144964387
-1844751849
-11328562
-922659219
235157407
-27296959
-1724707884
-525488414
283552128
-1649011348
1475725616
1020946150
474525162
-1955115358
-1106616327
990229320
2066013567
407122787
2003573398
474199360
906328698
-1512619329
312371861
-1051601640
310278228
-1591959164
1153554398
1959028881
917667067
-1120892329
1615700826
1332188990
842366700
844373399
-1002292526
1557147692
679204200
662856846
1286458200
-1647981790
-1090679521
-2084596822
2018862108
-1072738634
1811463340
-1758230163
1198909259
865288169
1488752703
-571190065
-1227097319
-566120866
1445574732
-757338697
1227643245
570685115
239614950
1068169129
1145386810
250708850
1709059236
1760319855
-1644972941
-801939090
1816310657
124591191
630707903
-479020320
-4155557
-729051509
-525286436
2119984984
1999149642
1873109456
-1311644536
721470216
1864913998
1458214007
265285114
-1137388212
-884369222
1356516420
-1255296443
-570286701
2042910923
956279672
1008671216
-1337843735
862681320
705668345
1092619055
-466206323
-1478640188
-1578303306
-1730497892
-1965350707
-663538438
1795282780
468697499
-1901855336
862408726
38489205
772866578
-423210591
950479343
-629305205
408656610
497571051
1744774396
-588497289
742448740
222218204
-1984463277
-1375951850
1005235657
6062943
98747285
117134624
162369112
175737474
212513635
250395197
255037223
273749925
294472524
298450744
307861118
334625254
391748426
417854253
502517551
573366702
580143212
649167319
796623538
825850663
865142661
942473329
1155243750
1159262962
1210737310
1249771730
1278743752
1305231585
1362961520
1419779404
1429164582
1556886425
1603352437
1686269020
1789436147
1799060155
1914700782
1955180144
1986668292
2011581293
-2140199026
-2096881237
-2089373381
-2074351078
-1906416039
-1873455764
-1867812436
-1822039928
-1798445872
-1712348250
-1704855595
-1636597373
-1610050343
-1604149405
-1581605635
-1531018930
-1499987025
-1445297337
-1352401038
-1322348290
-1256853999
-1183002549
-1177655170
-1133974455
-1022639119
-985661057
-898337080
-895460899
-894671258
-885816427
-826404816
-794523477
-793782041
-767539313
-742711160
-720694105
-696955976
-653965861
-641281340
-588455598
-551288061
-263873769
-240458825
-166376625
-46681638
-40666183
-1494493087
189240908
-605832391
1679401682
-712549307
-1060822792
834088555
-10585592
-1246953226
-281000884
785292172
-359207009
2041953557
386104377
942440067
-1095234515
348272431
2146277625
1204964458
-1951070128
-181401699
-1642092469
820510470
1456826289
-126625679
-326518765
-1292973331
1935676717
1809661625
-1249057844
-321068867
82877135
1043483501
-744276228
-1961893844
-1343463928
-301000333
-3641075
-592947243
1617678416
-108415407
-21272896
559150684
-1273580872
-549905042
58287639
-862154554
943900676
-2122553872
-1991507268
-2074084917
1406943308
1957026208
1901877451
-156506346
1333473274
-1079308815
415108439
305956229
-1679903685
-1593823598
1023039930
-489959818
622869899
1419349728
1940077810
1683805397
-45648064
1056481096
-2048897203
-1643565056
-1586693038
-1508275725
-586294903
466871613
-1142020072
1656986326
950481840
544487402
310211574
-939091784
-1947812208
-988440086
1529106381
-881988466
1435830477
-1463234400
-864588084
-71619421
-1540053145
63147046
-180050769
-103346305
-2087030065
432373380
719833050
-1257318094
1731159761
-28835381
-888784691
1069997579
753712947
-1196624290
196173284
76619635
-1073790157
-1455661128
642355690
-1443095720
1963908141
-728367285
-1932249109
-1139351990
909779409
-381487126
-2106763204
-1511263376
-500891901
160164056
-1047456505
1775074715
1687219927
-533679541
767082950
695741606
1577221793
-1596307605
233542742
-345595139
1258127771
2007100307
479085637
576858487
-265348198
-93064530
1740204108
-554798165
1360028395
-1751055689
-1286806341
659366334
1281527400
-874956793
564505529
1327184457
-541147407
-1866030866
937542587
1715359211
219275837
-1127281236
-944768740
1557004743
-1277556357
1703144038
-1439307127
-1816799166
-124094572
1288751159
-1815134592
378359074
-1366193169
-977394631
1499025661
846659371
1982325640
259922393
165935948
-1531486242
-1278189272
916401129
1571849279
469711485
-437673209
-1449116226
1868168689
-379893415
-1071805961
-419123970
1838020992
880614430
484158923
1773746298
-1323663044
441229228
418603139
1764697603
-1738784366
930269693
343573999
2010810127
767525850
733912962
1292492581
683608063
-1082699451
274323754
958339460
2107827613
-1715656583
-1653758039
-1791028295
634057218
1420938361
1354016026
-405895818
-894230557
-1947701079
-661255153
-732961538
459611293
-1981335136
-2072101779
1030061021
-377372499
777822734
-1771623011
-34742325
427041296
1390596347
1472663677
-1898204958
-718094920
-1105390994
-700092332
-1094508323
-1744444696
1491117189
-1818349201
-242142803
1913363676
1551573340
-35651014
-99865880
1536625038
1846143595
-270533748
-1922561896
-1888430864
3460615
-686002895
595303355
408771330
-936694786
-253193919
1854158858
-1467733888
1321163088
-84802682
-684306196
-1360138339
1875606485
494979929
1877726967
-842277116
-1223135453
-667411273
-975880444
-2136935671
-1106859965
-1533046301
-810533323
-890461680
677580363
692947166
-1892162773
1059169574
411569459
-875004203
887310805
-702502915
403595343
-483067145
1009675376
892834735
-948776942
885693108
-1681449957
-1176997712
783520943
-1888954510
1246456199
-1114486165
166295745
-444575922
-1625249112
1825766958
642859706
99970973
2010850850
1478170832
1982213945
-78297455
1833127758
491327574
614770089
923276367
966890769
1163496002
1195464185
1252581720
1768686754
1921415998
2029247287
2086894364
-2083114404
-1573857529
-1406924588
-1246075098
-1153557534
-1043321648
-753051560
-687815872
-457004764
-348929474
-296438846
-268929524
-218282316
1546774122
-1886512585
698816373
271459162
1519177699
-82318203
1886114509
-775844349
-1685625429
1373975195
951720891
979467243
694472004
-1317659738
-1996806301
1110550945
-224469526
154139768
-85704991
263976215
1836512017
106519751
799987299
-1546342910
-923074092
-706082309
-1908206668
-920322185
-187407572
532849114
611844800
118619969
53632757
-218981743
2101002070
-151994677
646600581
716785579
193408380
874344266
-453296213
289005461
940020056
527198597
1241137102
1378833170
-845272413
-2135932954
-1589602329
1695553253
1985641490
-529965650
319199579
-891787248
1968009841
-1634779526
-1227119836
1691224197
266446675
1291280503
1370970862
408510708
-375868041
-1652479761
-156334279
445383743
1302783814
-1393472320
1455629689
1068533707
519549940
1541587993
656187885
1905054589
639652118
952914829
266857712
-198368577
-488551612
-1734559372
1441754384
1699928556
-109670646
535487870
722515329
283444832
604676040
1976514401
-1092462448
2038552071
1175979611
1761393790
981017472
-1649534535
1729672151
75959689
1197291988
-1227189922
-1479883155
1992504863
67185170
34221454
-1039101082
-1590651017
1493203238
-532768784
1786499549
-808680523
879056988
590169091
1068207578
217802607
487915246
446500330
-31959760
1507105
-531620858
350745456
-1278595319
131224050
-547547366
-2002595674
946473568
-165236833
1575935911
1405696598
-1766716414
1462832185
865667159
20547913
1420123779
-309057328
-353650535
822140535
-608591470
-897198652
540707065
-1700409512
-815254729
-1210063996
-1912373137
1783620992
-277986078
2037927229
23522691
45507411
122870358
226609888
228053839
247851519
531846123
598097280
611807922
691999582
783449003
822203464
831209742
863443320
951401639
1059976034
1132681299
1221740329
1229345098
1320498202
1383854816
1560135256
1716680143
1737113435
-1981424357
-1853939717
-1780031703
-1725488827
-1722091306
-1715225082
-1263245372
-1084326542
-907366154
-847789585
-722501554
-522676079
-463403191
-389577415
-368701639
-118197890
-108767555
-413803567
-159354020
-1613795742
1811702292
-414336502
-287201188
-1766402721
-1542753256
619458424
1140489121
808361050
-2146101571
659884040
-1508817879
309795568
1119695088
1158524415
752000294
-1985421272
-2111192775
2016407731
744381374
-506620238
-1245954625
541280626
1949491839
158883057
1560934396
-923368655
-1668863940
1360323888
90525245
-1894169866
1558955382
-1009495595
287231666
-1690235505
916258569
-1695134251
-540576706
1281843409
-2139835760
-851961036
-1360992168
-921386311
1754259935
-436148676
-1009661024
1649076422
265678485
1397015020
1298058307
-322572507
-748919503
-158996632
1179511630
-1428761150
47646140
-1616516669
162783260
11968107
110092680
152800366
198146952
251150927
335377143
487864968
644891839
704058247
869171912
961932043
1127277380
1262960771
1580585980
1668113865
1668365022
1878222432
-2006175519
-1839881810
-1799432435
-1788280743
-1731278739
-1497262625
-1467961592
-1437312786
-1309715050
-1080988070
-1056760884
-979070486
-841797075
-660496046
-561721213
-492060638
311540063
-635739629
-1228734605
1667458704
-751456818
-503951913
2141342798
-1494150170
-1378216742
1188522587
474278477
1954407517
-1566197942
297528968
-717527622
-885592089
1567329048
-2079187650
-603981386
42364816
-631439599
-1317842745
-1191252707
-1496074722
-839116344
743997275
162612694
317386379
533234264
1401245654
-292150873
2059295317
-1400228809
735506980
773691814
1394565988
-889387675
-414694342
782966830
797958875
-2044009383
220235941
-1799164252
1344929566
1518931676
1723684507
1829039095
-860989595
2087702946
-1708494492
-1655952755
-1621305888
-1267509466
-1219934673
1364740362
-927322357
-460085192
-507833217
-405933785
605789478
-443202842
-301908709
-363319836
-235544111
-183287933
126710021
-221319127
-1215905279
13013458
-572033198
-1922783610
2011027021
1297537969
-3388366
823584062
1662874876
-2144828093
1452551623
1079440807
-1836555080
145596734
-605374945
-2055545653
77248000
-1176695551
-1599099612
1937841955
1182729685
238461034
-161546918
-1931954443
280797964
2107055733
-1946787363
-1887763839
99277710
536424096
953904001
1663514147
975986511
1657022621
38004494
133137463
-1724478634
-60980056
-8752887
-1766799929
-1575228392
313796252
414804235
-2012690968
468298634
-413528487
-111805604
1200637923
972962236
-1372648193
-451931974
1143354203
963153214
1226031786
1643332276
34300454
-2142384367
202054942
1283550500
631949091
-659088784
-91848675
-1059417569
1300740647
648549873
-2136783140
-246968982
1897464400
-793112664
432110940
55310527
-1294662104
-510704412
-905164766
-405947662
-1931340508
-248587912
-1123508208
-843381038
-98899040
1367860090
-1538831134
-1246351204
2106132719
-1916271314
1286807129
-908831837
521518504
64724268
-6866016
-660211153
-2011932419
965387882
-229190892
-1284717145
49429296
-750626832
432368727
1225326052
79715567
-1152904030
-1151600396
367505997
303516236
2033771930
-1033169234
-3122644
-1795164678
-1984821725
-492983819
-2008119076
-480172278
-30616365
-1794934011
1685395011
257603989
284032972
2076332058
-1958169693
-530113419
-53059245
-1745236347
1735601468
207389418
2127043995
-1908212190
-445820428
576940192
2047392996
-89536760
-2094985266
-401694696
-903512505
1400544351
847002779
-526758775
301440441
-1010817848
490766511
183582308
1641976242
1965649912
1582149029
895615603
243634451
566064151
712839576
1264874884
1650417671
-1998385216
-1948654449
-1689927295
-1546534969
-1298490659
-351127625
-144930888
73316609
1724751481
593372077
1970884925
-561855281
-821583367
639641290
1634628275
-1272908703
761976558
119275678
-1469231650
1325730821
1814917164
-1636531420
959081719
1376109345
387142135
-1080487476
-124988799
-183874161
1389338862
-1137410591
-203887586
2062283584
-2083358249
445297989
146653626
-880135649
2062326165
-1649043239
1901336655
-18128106
245723323
1703816282
-826044709
-1189289691
1468301405
-146547418
-406024708
1876319836
-557586710
1661897407
358126734
-1714462193
85893894
92450965
-1688759336
673697170
-607297917
1843523704
224115456
765959128
537933192
1690738215
449503042
192780870
-1644779978
1067924695
1714868832
731844488
-432781401
1282212637
-2099274259
-870348540
520375135
-977365887
-432362723
1115797789
125701518
146747990
127534324
-323598250
-865129848
2016131302
-1244550448
437470447
1380225324
923123681
-388466019
2077756181
1963174959
1920538256
-1942139795
-179946740
1836706558
-1082609593
-995398830
-782807125
-1463215927
-1246676481
1852625148
480296645
102735820
-1302563305
-1681634946
-1141019758
1660594492
1019364878
-2084696145
1996279109
-664229424
2129965050
-1303341132
-152421909
2048502126
1753572313
1308215253
1355819058
-17318841
953259210
-1081182799
1164051041
-2014528824
-9453629
-876780390
-945703966
640978934
-154534046
716862499
-836169047
-1250114371
-1216534033
-981572116
-550963222
2078244543
1965274264
1377290829
1683939041
-58762276
-576387831
979015032
-189656269
328343946
-439387830
1827587192
-215535610
1287378363
-910999437
-699748475
-2021996302
700898586
73541419
-221425781
-1271308287
-1882156221
-1367664242
-401625898
-1408352235
-811032566
155399780
-636777139
1883453497
797410225
-209087634
139212903
980676383
785096639
2054255514
-945860583
1706719399
-467396381
423216560
1602144987
1686118231
636888145
-722568905
1518046163
-47428373
616482439
-855898232
-1118003066
1113748544
-1083493787
-1934735278
1411433972
-1531329643
631012246
-1262044937
1456462545
600786385
-1710085876
774324884
-1362990809
87379436
-1907478133
888104782
-350174133
-331589463
-1916938756
1118450748
-98775256
1677633833
-245931737
748591837
-1831223794
1998341089
1267759494
1780690736
1298253481
128072463
-1793935373
-1333641522
-314655307
687747376
77148664
1112059316
-1016309449
1895414186
-2076222564
146467882
-1147713609
-1704420545
-2082534074
-1427892027
921332808
148851736
1404889218
-2128716831
1019370196
872810671
-196656890
1128530555
-1212428108
-867963215
96918412
1463681024
1682078212
2125847346
1161656760
-111974273
-622331354
-1674292423
770169616
-29214547
902241041
1774538362
-1744722794
-923627760
2099812980
879911133
2048928223
1359336153
146060974
-1023597025
-308443060
1048431058
-570723822
-310870467
1000650665
-773733262
-338200158
-1036437353
21760693
-1945299437
799610439
-585341586
1721864659
-1126384504
-415527075
-1730871460
-320310257
-1863283565
-1987560674
1080449995
919800346
-885634568
-1025379053
-1960881849
1166708687
140567399
-931061001
-1027657421
-285334048
-903249252
155392751
782809727
426444499
804408004
-1268199629
194015115
-318738159
-168278363
377368250
-587596170
-1359273072
-1853754015
-1941865404
679119907
-787420136
-355678134
-1155101978
2053788553
1178816211
887591700
654501344
1353464730
-912038843
-1534927919
1955346341
421161089
1335117942
985548198
522418595
-1266162494
1026170869
845649333
-1536058262
461685531
1447846416
-2123917539
-1659850315
-791146306
1170650100
1675302219
-463630190
-965910188
-1388130686
-452867508
-1513553777
-823742631
-408962970
-648092382
67980676
2121115465
-885105533
951160467
1916465904
1116120232
793403771
1986527372
-1355302638
-454942796
-140109090
-1717505957
-1294515119
-1515205223
-1106356363
517619591
-1061467456
25606454
1186895123
-71667136
1967685645
1500659701
-629913810
1250774438
1235108406
-1926295961
558766315
1663249571
-844572231
-723230819
-1261665080
-640005979
1176333224
670071823
-672002747
-1012504875
2026877737
-1699839561
-1629350465
-1291547097
939646616
972245489
813804522
-376894756
-799708873
669493958
1278788171
-634467436
68263
21041746
92225282
179632556
203220428
286905716
393439157
410652602
421156162
571533807
637546939
808486571
863246822
892384895
1140554944
1219993097
1228769251
1233176071
1294730647
1381725236
1437773489
1477453328
1557230719
1653737650
1903675636
1925054329
-2133764853
-2081731156
-2052759153
-1970759838
-1967406066
-1854458069
-1849501675
-1752324134
-1628537580
-1409832066
-1176425252
-1101991568
-1061425881
-952093079
-917518452
-888242280
-836506457
-809313510
-752428001
-743535794
-735641819
-728630014
-686353258
-633010479
-333659618
-108329610
-826325171
2132916698
-347243621
1842940213
1337880368
1066795923
871320922
-931028625
-392006186
701482880
1924841241
-752771969
763258256
1179765318
-130862711
-2076641991
-959324912
1654146095
1580160270
-1447500730
-272290374
383598923
-1874250779
-1924398243
1528160320
1175507192
198734323
-1065049514
835850371
1732374682
-91307226
1586188421
805358506
-1715823622
-1172392227
751821920
-1160122945
903643532
1695617087
2014584967
-1793060768
-1370635366
-1287064798
-280406200
-25144791
-728494763
1963929139
1038050189
728547254
1900354623
-1695399647
-1653742784
-951828279
573572767
-300824151
-1680195053
231492556
644089496
668169377
907840244
996226592
1788173566
1806477203
-2045421023
-1594854346
-1107999602
-446383016
-315042499
-264379003
1241644300
1006210529
-1376811970
50671851
117134624
173212512
198146952
216479181
261846333
262746339
312362373
503316563
594960152
668034652
822203464
898700365
932327958
952181255
955511023
957305243
1018851645
1059916501
1112790070
1143744763
1162265227
1249771730
1252581720
1287234966
1295863963
1322095072
1331058736
1342613646
1405657432
1414174866
1477453328
1527846717
1599530126
1606692426
1666886222
1738081432
1811389857
1830648393
1858010643
1881523228
1927654366
1941687979
1942103352
-2140199026
-2054077883
-2052759153
-2044030442
-1995503725
-1994482920
-1971374461
-1910131130
-1907717117
-1853939717
-1811269845
-1799405087
-1793060768
-1777790608
-1735101699
-1722154655
-1715225082
-1635513011
-1571151525
-1511903818
-1505221905
-1486104120
-1480051921
-1438176654
-1437312786
-1398215173
-1332798807
-1296080890
-1271495311
-1192813298
-1080988070
-1077039909
-1002689286
-993548648
-933633202
-779983786
-767539313
-715336714
-696955976
-687815872
-654813708
-641559008
-638391819
-399864643
-370645761
-368701639
-355553758
-348929474
-296438846
-250386176
-229408194
-181421051
-118197890
-108767555
-108329610
-91605925
-58677618
-20068376
2126398125
-40967609
1074750216
-510377874
-60198086
-1756963604
1413638701
1054545930
-1374063435
1908107783
295250710
478443728
-210823421
-416329732
-1944822180
-1467515130
1652803722
2088667983
-970163702
-987724115
-1374738053
503594958
-262099722
1950947266
-1032654408
-1099384082
1223860112
1541373685
836174240
1485131414
-1005079091
1971931994
295076854
2058955808
322012845
1960299632
-984497548
572544635
-872036961
2041953557
-379893415
-10585592
-1071805961
-419123970
1838020992
880614430
484158923
1773746298
-1323663044
441229228
418603139
1764697603
-326518765
-1738784366
930269693
343573999
2010810127
767525850
733912962
1292492581
683608063
-1082699451
274323754
-1196624290
958339460
2107827613
-1715656583
-1653758039
-1791028295
634057218
1420938361
1354016026
-405895818
-894230557
-1947701079
-661255153
-732961538
459611293
-1981335136
-2072101779
1030061021
-377372499
777822734
-1771623011
-34742325
427041296
1390596347
386104377
-292150873
-1168215144
1979701314
-443438692
-1226274883
-1246953226
-281000884
785292172
-359207009
-1060822792
834088555
-402471226
1316343154
-741102719
-1191443369
-2115611119
-114713437
-1959433778
1148493821
1808018238
1577169596
-1002629334
646474053
-1997716077
120887162
371259273
-1493224475
-348679442
-1341283044
40715253
1156268843
1536521382
695741606
-1308688168
-1865832701
-1915971653
1550972
-1584625382
-255759037
-391260899
1567329048
-2079187650
-603981386
42364816
-631439599
-1317842745
-1191252707
-1951070128
-1496074722
-839116344
743997275
162612694
-775844349
317386379
533234264
1401245654
2059295317
131224050
-1400228809
735506980
773691814
1577221793
1394565988
-889387675
-414694342
782966830
797958875
-2044009383
220235941
-1799164252
1344929566
1518931676
1723684507
1829039095
-860989595
2087702946
-1708494492
-1655952755
-1621305888
-1267509466
-1219934673
1364740362
-927322357
-460085192
-507833217
-405933785
605789478
-443202842
-301908709
-363319836
-235544111
-183287933
126710021
-221319127
-1215905279
13013458
-572033198
-1922783610
2011027021
1297537969
-3388366
823584062
1662874876
-2144828093
1452551623
1079440807
-1836555080
145596734
-605374945
-2055545653
77248000
-1176695551
-1599099612
1937841955
1182729685
238461034
-161546918
-1931954443
280797964
2107055733
-1946787363
-1887763839
99277710
536424096
953904001
1663514147
975986511
1657022621
38004494
133137463
-1724478634
-60980056
-8752887
-1766799929
-1575228392
313796252
414804235
-2012690968
468298634
-413528487
-111805604
1200637923
972962236
-1372648193
-451931974
1143354203
963153214
1226031786
1643332276
34300454
-2142384367
1529106381
-881988466
202054942
-71619421
1283550500
820510470
631949091
-1463234400
-659088784
-126625679
-91848675
-1059417569
1300740647
648549873
-2136783140
1963908141
-728367285
-1932249109
-1139351990
909779409
-381487126
-2106763204
-1511263376
-500891901
160164056
-1047456505
1775074715
1687219927
-533679541
767082950
-1596307605
233542742
-345595139
1258127771
2007100307
479085637
576858487
-265348198
-93064530
1740204108
-554798165
1360028395
-1751055689
-1286806341
659366334
1281527400
-874956793
564505529
1327184457
-541147407
-1866030866
-246968982
1897464400
-793112664
432110940
55310527
-1294662104
271459162
1519177699
-82318203
1886114509
-1685625429
1373975195
951720891
979467243
-510704412
-905164766
-405947662
-1931340508
-248587912
-1123508208
-843381038
-98899040
356832376
1367860090
-1538831134
-1246351204
2106132719
-1916271314
1286807129
-908831837
1435830477
-864588084
-1540053145
63147046
-180050769
-103346305
-2087030065
432373380
719833050
-1257318094
1731159761
-28835381
-888784691
1069997579
753712947
196173284
76619635
-1073790157
-1455661128
642355690
154139768
-85704991
521518504
64724268
-6866016
-660211153
-2011932419
965387882
-750626832
432368727
1225326052
79715567
-903512505
1400544351
847002779
-526758775
301440441
-1010817848
490766511
183582308
1641976242
1965649912
1582149029
895615603
243634451
566064151
1809661625
712839576
1264874884
1650417671
-1998385216
-1948654449
-1689927295
-1546534969
-1298490659
-351127625
-144930888
950481840
73316609
1724751481
593372077
1970884925
-561855281
-821583367
639641290
1634628275
-1272908703
761976558
119275678
-1469231650
1325730821
1814917164
-1636531420
959081719
1376109345
387142135
-1080487476
-124988799
-183874161
1389338862
-1137410591
-203887586
2062283584
-2083358249
445297989
146653626
-880135649
2062326165
-1649043239
1901336655
-18128106
245723323
1703816282
-826044709
-1189289691
1468301405
-146547418
-406024708
1876319836
-557586710
1661897407
358126734
-1714462193
85893894
92450965
-1688759336
673697170
-607297917
1843523704
224115456
765959128
537933192
1690738215
449503042
192780870
-1644779978
1067924695
1714868832
731844488
-432781401
1282212637
-2099274259
-870348540
520375135
-977365887
-432362723
1115797789
125701518
146747990
127534324
-323598250
-865129848
2016131302
-1244550448
437470447
1380225324
923123681
-388466019
2077756181
1963174959
1920538256
-1942139795
-179946740
1836706558
-1082609593
-995398830
-782807125
-1463215927
-1246676481
1852625148
480296645
102735820
-1302563305
-1681634946
-1141019758
1660594492
1019364878
-2084696145
1996279109
-664229424
2129965050
-1303341132
-152421909
2048502126
1753572313
1308215253
1355819058
-17318841
953259210
-1081182799
1164051041
-2014528824
-9453629
-876780390
-945703966
640978934
-154534046
716862499
-836169047
-1250114371
-1216534033
-981572116
-550963222
2078244543
1965274264
1377290829
1683939041
-58762276
-576387831
979015032
-189656269
328343946
-439387830
1827587192
-215535610
1287378363
-910999437
-699748475
-2021996302
700898586
73541419
-221425781
-1271308287
-1882156221
-1367664242
-401625898
-1408352235
-811032566
155399780
-636777139
1883453497
797410225
-209087634
139212903
980676383
785096639
2054255514
-945860583
1706719399
-467396381
423216560
1602144987
1686118231
636888145
-722568905
1518046163
-47428373
616482439
-855898232
-1118003066
1113748544
-1083493787
310211574
-1934735278
1411433972
-1531329643
631012246
-1262044937
1456462545
600786385
-1710085876
774324884
-1362990809
87379436
-1907478133
888104782
-350174133
-331589463
-1916938756
1118450748
-98775256
1677633833
-245931737
748591837
-1831223794
1998341089
1267759494
1780690736
1298253481
128072463
-1793935373
-1333641522
-314655307
687747376
77148664
1112059316
-1016309449
1895414186
-2076222564
146467882
-1147713609
-1704420545
-2082534074
-1427892027
921332808
148851736
1404889218
-2128716831
1019370196
872810671
527198597
-196656890
1472663677
-1898204958
-718094920
-1105390994
-700092332
-1094508323
-1744444696
1491117189
-1818349201
-242142803
-519595654
-1048326086
-1431535636
1718926664
1829743607
1112538871
-731581787
-994778575
-1778574443
1495773850
-1705944729
-174295853
701457427
232468011
66379833
1500811472
1380862104
1037831137
-1532547294
1839065652
-971449966
259425640
2091967727
2004745628
1252019703
1688081206
310613765
789114891
-1829383374
1009454238
1596448075
958654059
-681575870
1230899635
-1444890397
1197479358
188984953
-2096628323
-1957759179
1888901878
1386736798
-1666465452
-363596520
694902013
-2082305953
1843908431
1077021826
436268638
392353630
-2101270155
-1343463928
1113622406
2094706740
1251598893
259922393
165935948
-1531486242
-980259726
1601724709
-191201885
1723832907
-711369384
-1583756568
-1928578269
-1353526215
-1597891347
52572758
1432078808
1236860494
735063844
-2102253889
695850927
1112963193
614931215
989816671
1016254307
1472028853
-1854358871
-957024391
-1478773080
-856417922
-1836074343
141728497
1667052839
-981498362
-557113878
-2081281264
1918872208
-662989335
1038587571
1592780615
-1543114574
1600864810
-1135469805
1703620466
986081725
1286617841
-241518056
-1925257935
1682183959
-74809201
980372533
1450626621
1334252963
1875292964
585074149
-143877097
-751431293
-52420835
-364316126
-1609195591
2111782964
-1954631266
-890796251
-419691984
305741479
1795282780
-1223135453
-667411273
-975880444
-2136935671
-1106859965
-1533046301
-810533323
-890461680
677580363
692947166
-1892162773
1059169574
-285334048
-903249252
155392751
723685082
-318738159
-168278363
377368250
862408726
38489205
772866578
-423210591
950479343
-629305205
408656610
497571051
1744774396
-588497289
-587596170
403595343
-483067145
1009675376
892834735
-948776942
885693108
-1681449957
-1176997712
783520943
-1359273072
-1853754015
-1941865404
679119907
-557294871
-1102579136
-401378543
-538479751
1274691902
-189549533
-108751018
-1175711815
1293521390
-229612301
522418595
-1266162494
1026170869
-444575922
-1625249112
1825766958
1548466180
-2079600286
-525897402
613687908
-1801353897
763511916
-947989386
-750417968
-2023955181
-811812472
613414988
96237662
-1133967156
2010850850
1478170832
1982213945
-1706971234
207070785
808134437
889823180
1707347583
1884475655
2025930439
2075785350
-2122516621
-1752716910
-1281495710
-154754135
-27964311
-22803822
-1452110299
-954304762
-1649932994
-2037349479
-306238385
-941071962
-321483985
1009933929
718019958
-209990713
16208244
-1281272896
305819814
322123508
164976483
-2060885420
62722298
-1723057496
-1540406558
-379705068
651276172
-773535400
1207091335
41405701
106369219
357908364
369618298
442314638
477970103
667182673
868048297
1187675337
1207883227
1226176544
1297092116
1412451278
1458237633
1540312177
1563499793
1632880104
1712511824
1902163522
2114915342
2125991465
-2111975690
-2046003792
-1919504532
-1869373484
-1625733804
-1563651222
-1237670764
-1067577753
-832862129
-738150482
-681470615
-600083778
-581222689
-322228878
-286796801
-270745077
-124145549
1517160496
378560184
-1223983650
709702727
1096981393
-1499005043
11993957
-1401569198
1664366177
690756943
-1482740358
-478298442
-1547064264
1859840304
530425944
1279829634
1842925015
430421896
-1472640737
1850258111
871125703
-1824562456
531677778
-1985557619
309797295
458349915
960195893
1008083014
1061507118
1086688213
1142743116
1268534504
1452899408
1886471836
-2134859955
-2090301039
-1647988747
-804450562
-792062024
-773167622
-465640434
-140677614
-131687555
1522402249
-350159522
1430680008
-455569569
-264638037
1754298433
-241451634
288988484
-1642421651
-2020087452
-1247889434
-15175116
1097361890
-2051376437
882164891
-1017319143
1230732341
-2059774224
-300549850
-606141404
1591596419
173104059
-984891544
-1369173826
-1263544090
-1485587457
347358348
1956880358
529281072
-292170467
149442509
-1643887329
2080695176
33148013
80761623
746226287
1295553499
1639064420
1747434624
-376360826
1974431339
-339592013
95394986
-366338980
-624745026
-640332397
-1388489748
-1781751731
650057067
661379696
-1497686806
778375027
-1358003260
-2061905320
998451115
2021621389
-1817643221
-43679449
-2050176154
-2071646667
538529345
-1159942158
401560230
-586638270
1942864570
-1571230855
-1549409694
1865281674
1304453189
101075200
-1877983009
559056343
934523930
1012381039
1457325683
1906250852
2058974792
-1545168329
-1161574463
-1024845384
-659018536
-579038030
-505197233
-498697480
-465415768
-368159118
-150247734
-146397931
-522074918
1328357976
1687977601
-794288551
2087228110
1254075220
-592862581
66572953
382043549
490488312
530780979
685099883
731990871
735650114
877928540
902888403
1059008043
1108491176
1192418355
1438447390
1534936675
1557076753
1651919258
1696426592
1718217308
1727720752
1830321087
2014862040
-2073784757
-2066887064
-1991317491
-1781595334
-1589180913
-1424401368
-1389020679
-1371424315
-1330293866
-1287353987
-1103613867
-949891498
-520251150
-477554482
-198716296
-141808956
-88600411
-24369034
1300412143
-1137304310
-686181668
-735626041
-976706688
-2107057840
1442173312
-810871859
-721684524
1149816367
-493981663
-1325433556
-486554213
-223263637
-516595171
-2041560132
667640026
1883949500
459630186
-1534845069
-1538741789
-2112148684
1863612998
-1082457468
-265028266
131341132
1828435098
1030125938
428000557
-175769148
-757197176
-924462988
-1215068282
314277884
-1767132947
219085954
-762762603
1303597369
273571799
-1254215605
60026524
-1107740366
605773619
1981284147
436063553
-444541339
-1007262202
-2073880380
637025186
437572444
578646374
1230167728
-69274688
-1347458981
-1106922757
190562206
-952922610
77342871
1080906359
1099979628
1677267389
-168880030
184232991
307532994
611433449
1773738722
2004249152
2029062544
-1561999033
-1278232668
-1258626941
-1246837476
-707330413
-282236852
1119902279
703591825
-159709345
1377428352
1786188769
352339813
187061181
-795130861
-1521430615
860276342
183558096
231388716
256716077
658874748
931617539
947046888
1562896926
1940150034
2052061704
-1935217053
-1591301223
-1324144211
-1235956324
-1203169571
-52721498
-1118956359
1490698986
-557471353
1273603276
847628390
-634704493
1279075404
170523006
388811206
551032920
1205950581
1649236220
1853520391
-1933734960
-1333527122
-1049285925
-807315103
125420619
818081802
1498864686
144893113
-230532319
1079046402
1245794052
-91025337
329770589
-1127211313
561774938
-1779758260
-1711881292
-1557210044
-2069394845
1577307441
1924288497
-458996178
468176528
569225184
1021878104
1311942455
1814367979
1897938515
-2056358766
-1485185714
-1166217738
-928590439
-793043659
-357467067
-158468111
-139178755
321694718
-1296594792
2064514668
-896335621
287213726
926107169
565084737
519828179
-869557387
-1090645796
-1977739950
1694158401
-391567378
2110185276
386564045
-995921738
-527657742
-714720835
-1996689761
-1512835769
-1404803153
-1462333808
-1364185823
-1124764826
-635714838
-872040279
298100657
-748592034
46490
-1688526524
-1248864814
159114066
-835107491
-2081299370
-1425858903
857247003
-962499073
-1944661633
406737473
1317112603
-630308299
1282952170
635144041
1746085474
-1555040825
-293120820
1155945093
825088319
-1489252128
188515567
372880471
652614817
741594407
985829929
1004743705
1059329800
1190405604
1288239922
1437125061
1529508469
1542526300
1593990513
1615698823
1746454324
1752087348
1798225322
1974310842
1982565650
1999758832
-2108975852
-1918306751
-1867659527
-1771890542
-1701980405
-1603113457
-1555819375
-1263597351
-1116250441
-1102259811
-1067428022
-1037448356
-895946768
-784628964
-693451114
-580556814
-531208217
-412154238
-306524412
-255852612
1770422945
654567538
919838408
-1756840530
-1218494006
-596578788
1722080520
1029646685
-1737095169
113360733
-2099866214
-820510204
-67889920
-1864647978
-1528805079
1715714798
1387531444
-1272643550
1784163883
-178576263
-1636529233
-799473119
1860736497
1244942876
-1174027662
-1947346705
765121371
634352561
-1033534040
-1503523470
-158921569
1499766429
1440357043
-1781206276
1531779150
944949711
-1983105192
-699955224
-1467848730
499637647
-694481366
242195132
-1689014495
1451943032
1249266867
559539045
760274450
1915236498
419929924
8491787
306267183
473904823
617259244
-76829392
643606713
2073689391
-1055961909
979192550
1318967780
1699343972
1765228730
-1577580919
-1370789520
-741368849
-440290508
-418584763
1545248439
-332363271
-832144011
485445413
925266008
-448983623
2077698359
2104769688
-414063433
-222358180
-1779961966
1137948058
-768929742
1038314100
-1836943711
1267638174
-2031999570
713154434
-1539431696
-191875020
239121677
-2142528934
1200186410
551415996
-589154647
793625468
1718365818
1902318984
-1109845532
2141019554
-2062412830
1817550592
987157229
-1822577059
650601251
1268686491
-1570938295
-99143938
-685352369
-2120726840
-1193839105
-1490215746
-727928148
223458563
-1188899728
-246726724
96206517
1323359335
605568452
1197066300
-222675234
-2113317800
1115239567
130587921
-1154011824
656209639
-1099600391
-1969995276
-244309861
-702971717
1736932908
159612433
-53204891
653561505
-1789350209
-25755287
1667043774
-289220411
-2048035053
-192238040
1136826965
761805171
796879019
1328486846
630263633
-1755123691
-537888832
695875190
1112906144
1619732021
-549043746
1582451565
897443003
-1559196093
-935386731
-1502449169
-716165641
1572502163
-921226072
-555670305
1103937471
-1715142508
-685274287
1242886476
-803035082
-827016014
-835811291
-781881222
-983486730
618217497
1989483169
-1772783502
1202084120
487452351
-1584890302
190916180
-1584410467
-967799185
1193375848
-1680596826
-1416318062
-14929713
137108107
-1297108678
164411371
757310459
976933805
1692738548
-1778544309
346809358
-1311841202
1541238055
414556141
-1802006926
-389852197
1590480269
695425978
1250992227
-1946218217
-505353182
1993474146
-1327752296
481015266
1450400922
-1056975864
1814759404
1081698837
374533675
-231678110
-1829098429
1449103273
-1068923274
18352665
146777902
156769982
404901204
471677601
758297163
991062889
1229871367
1288743698
1318778788
1333901781
1372953514
1508746467
1668225256
-2020837193
-1977186469
-1935044307
-1702279153
-1614028904
-1479516442
-1463599656
-1320771932
-901457476
-683546364
-563557493
-300246349
-285092670
-263276340
-66494612
411843560
-1448222471
-1551665069
-1483599510
-859980100
1905141650
51041674
-444269280
708839511
878012073
1670892571
1638306907
-1145430329
2034681029
438943974
-1281177698
2099636536
-582102134
-176755659
-623409275
1287753306
193185278
1179346165
1513528614
1531860045
-1927825584
-1059121573
1456095244
-1828400419
-422618777
1893290168
26754784
117134624
228539646
278531142
328506639
480054872
496377431
571533807
691999582
714108214
727219243
769827278
808486571
861523761
892384895
972026376
999448464
1002288751
1079483893
1128525303
1140554944
1182403131
1195464185
1228769251
1249771730
1252581720
1253760531
1280352235
1294730647
1364569939
1414174866
1477691786
1565699405
1652803722
1668365022
1689666697
1759645462
1809889884
2066654641
2088667983
-2140199026
-2134267729
-2052759153
-2029237170
-1971374461
-1962193328
-1907717117
-1854458069
-1777434904
-1715225082
-1710654218
-1705055077
-1571151525
-1486104120
-1424401368
-1335270103
-1246075098
-1101991568
-1098986873
-1051470143
-1035506500
-1024845384
-970163702
-960237733
-893063867
-885131656
-795489771
-696955976
-686260982
-675160579
-623135185
-607723549
-518331147
-506675565
-389225202
-348929474
-337179210
-333659618
-291699333
-254899147
-158468111
-154754135
-141808956
-111984010
-108467476
-402471226
1316343154
-741102719
-1191443369
-2115611119
-114713437
-1959433778
1148493821
1808018238
1577169596
-1002629334
646474053
-1997716077
120887162
2041953557
-379893415
-10585592
-1071805961
-419123970
1838020992
880614430
484158923
1773746298
-1323663044
441229228
418603139
1764697603
-326518765
-1738784366
930269693
343573999
2010810127
767525850
733912962
1292492581
683608063
-1082699451
274323754
-1196624290
958339460
2107827613
-1715656583
-1653758039
-1791028295
634057218
1420938361
1354016026
-405895818
-894230557
-1947701079
-661255153
-732961538
459611293
-1981335136
-2072101779
1030061021
-377372499
777822734
-1771623011
-34742325
427041296
1390596347
263061639
-644430835
-1296471077
-1004012129
1427554682
143782117
-942668074
483968809
1786758662
-1246953226
-281000884
785292172
1754298433
-1425858903
857247003
1170650100
1675302219
1476099056
-463630190
-965910188
-1388130686
-452867508
-1951070128
-1513553777
-823742631
-408962970
-648092382
67980676
2121115465
-885105533
951160467
1916465904
1116120232
793403771
1986527372
-1355302638
-454942796
-140109090
-1717505957
-1294515119
-1515205223
-1106356363
517619591
-1061467456
25606454
1186895123
-71667136
1967685645
1500659701
-629913810
1250774438
1235108406
-1926295961
558766315
1529106381
-881988466
1435830477
-1463234400
-864588084
-71619421
-1540053145
820510470
63147046
-126625679
-180050769
-103346305
-903512505
1400544351
847002779
-526758775
301440441
-1010817848
490766511
183582308
1641976242
1965649912
1582149029
895615603
243634451
695741606
566064151
1809661625
712839576
1264874884
1650417671
-1998385216
-1948654449
-1689927295
-1546534969
-1298490659
-351127625
-144930888
950481840
73316609
1724751481
593372077
1970884925
-561855281
-821583367
639641290
1634628275
-1272908703
761976558
119275678
-1469231650
1325730821
1814917164
-1636531420
959081719
1376109345
387142135
-1080487476
-124988799
-183874161
1389338862
-1137410591
-203887586
2062283584
-2083358249
445297989
146653626
-880135649
2062326165
-1649043239
1901336655
-18128106
245723323
1703816282
-826044709
-1189289691
1468301405
-146547418
-406024708
1876319836
-557586710
1661897407
358126734
-1714462193
85893894
92450965
-1688759336
673697170
-607297917
1843523704
224115456
765959128
537933192
1690738215
449503042
192780870
-1644779978
1067924695
1714868832
731844488
-432781401
1282212637
-2099274259
-870348540
520375135
-977365887
-432362723
1115797789
125701518
146747990
127534324
-323598250
-865129848
2016131302
-1244550448
437470447
1380225324
923123681
-388466019
2077756181
1963174959
1920538256
-1942139795
-179946740
1836706558
-1082609593
-995398830
-782807125
-1463215927
-1246676481
1852625148
480296645
102735820
-1302563305
-1681634946
-1141019758
1660594492
1019364878
-2084696145
1996279109
-664229424
2129965050
-1303341132
-152421909
2048502126
1753572313
1308215253
1355819058
-17318841
953259210
-1081182799
1164051041
-2014528824
-9453629
-876780390
-945703966
640978934
-154534046
716862499
-836169047
-1250114371
-1216534033
-981572116
-550963222
2078244543
1965274264
1377290829
1683939041
-58762276
-576387831
979015032
-189656269
328343946
-439387830
1827587192
-215535610
1287378363
-910999437
-699748475
-2021996302
700898586
73541419
-221425781
-1271308287
-1882156221
-1367664242
-401625898
-1408352235
-811032566
155399780
-636777139
1883453497
797410225
-209087634
139212903
980676383
785096639
2054255514
-945860583
1706719399
-467396381
423216560
1602144987
1686118231
636888145
-722568905
1518046163
-47428373
616482439
-855898232
-1118003066
1113748544
-1083493787
310211574
-1934735278
1411433972
-1531329643
631012246
-1262044937
1456462545
600786385
-1710085876
774324884
-1362990809
87379436
-1907478133
888104782
-350174133
-331589463
-1916938756
1118450748
-98775256
1677633833
-245931737
748591837
-1831223794
1998341089
1267759494
1780690736
1298253481
128072463
-1793935373
-1333641522
-314655307
687747376
77148664
1112059316
-1016309449
1895414186
-2076222564
146467882
-1147713609
-1704420545
-292150873
-2082534074
-1427892027
921332808
148851736
1404889218
-2128716831
1019370196
872810671
527198597
-196656890
1963908141
-728367285
-1932249109
-1139351990
909779409
-381487126
-2106763204
-1511263376
-500891901
160164056
-1047456505
1775074715
1687219927
-533679541
767082950
1577221793
-1596307605
233542742
-345595139
1258127771
2007100307
479085637
576858487
-265348198
-93064530
1740204108
-554798165
1360028395
-1751055689
-1286806341
659366334
1281527400
-874956793
564505529
1327184457
-541147407
-1866030866
1472663677
-1898204958
-718094920
-1105390994
-700092332
-1094508323
-1744444696
1491117189
-1818349201
-242142803
1916697163
153430125
-1010235263
-1461278889
1094651019
-1902778422
813602511
1310396860
82070960
844523359
-406902538
-2128705424
974457136
-1944019128
-926620080
-718768086
787038406
496221333
1887117758
106462594
-1669908397
451103485
-775972520
-1873283157
-1989719739
356832376
1354375721
936792764
1056297926
-1067297482
-1361645893
-338443224
-1188481396
-484190947
-2092646712
1374007401
-208374030
-1732519644
432355586
96918412
1463681024
1682078212
2125847346
1545439570
1735478184
561510032
866593195
570503921
2144964387
-1844751849
-11328562
-922659219
235157407
-27296959
-1724707884
-525488414
283552128
-1649011348
1475725616
1020946150
474525162
-1955115358
-1106616327
990229320
2066013567
407122787
2003573398
474199360
906328698
-1512619329
312371861
-1051601640
310278228
-1591959164
1153554398
1959028881
917667067
-1120892329
1615700826
1332188990
842366700
844373399
-1002292526
1557147692
679204200
662856846
1286458200
-1647981790
-1090679521
-2084596822
2018862108
-1072738634
1811463340
-1758230163
1198909259
865288169
1488752703
-571190065
-1227097319
-566120866
1445574732
-757338697
1227643245
570685115
239614950
1068169129
1145386810
250708850
1709059236
1760319855
-1644972941
-801939090
1816310657
124591191
1161656760
-111974273
-622331354
-1674292423
770169616
-29214547
902241041
1774538362
-1744722794
-923627760
2099812980
879911133
2048928223
1359336153
146060974
-1023597025
-308443060
1048431058
-570723822
-310870467
1000650665
-773733262
630707903
-479020320
-413803567
-159354020
-338200158
-1036437353
21760693
-1945299437
799610439
-585341586
1721864659
-1126384504
-415527075
-1730871460
-320310257
-1863283565
-1987560674
1080449995
919800346
-885634568
-1025379053
-1452110299
-954304762
-1649932994
-2037349479
-306238385
-941071962
-321483985
1009933929
718019958
-209990713
1128530555
-1212428108
-1723057496
-2087030065
432373380
719833050
-1257318094
1731159761
-28835381
-888784691
1069997579
753712947
196173284
76619635
-1073790157
-1455661128
642355690
1795282780
-1223135453
-667411273
-975880444
-2136935671
-1106859965
-1533046301
-810533323
-890461680
677580363
692947166
-1892162773
1059169574
-1225337454
813804522
-376894756
-799708873
669493958
522418595
-1266162494
862408726
38489205
772866578
-423210591
950479343
-629305205
408656610
497571051
1744774396
-588497289
1026170869
403595343
-483067145
1009675376
892834735
-948776942
885693108
-1681449957
-1176997712
783520943
-444575922
-1625249112
1825766958
709889248
1208201880
-516492345
-2090512961
-847369844
-1863055687
-949031858
-1286309131
1067289427
1617714756
343822850
-917151917
-948297634
-1695543445
-379705068
651276172
2010850850
1478170832
1982213945
480819740
-1967213629
134140259
452714971
1046246794
1245081704
1286949725
1462976720
1569472688
1882984728
-2123717683
-1741980098
-1692374212
-1670409355
-1200845912
-861797690
-777571714
-650769975
-500307874
-67417340
-1046243083
-2070646097
2092210401
-1053485717
795107845
1217269701
-1999878287
297600000
-1022634704
-75330743
1097857033
1138122966
1900864005
828876103
-2137197532
1286315043
324509296
-1597889747
-1782321954
643191171
-1837408362
74274377
313666063
516250936
1502837700
2037056071
-1580752839
-1363154373
-1304964638
-1211091282
-955210920
-804312509
-666337634
-573639886
-240113532
810701940
1167712206
-745548271
157178913
1150745898
1502858642
-1882575217
-1831920073
-1040019580
1684809607
839924592
-10525292
686020117
-2043734450
800030426
1935889046
2033786271
-282127296
701712119
886470223
1679550460
2032064324
-1354288039
-1304296223
-7690774
1725873815
1635801855
935359913
1865475028
-1226328400
1471847404
-1045654989
848535873
2136670282
-1274555409
-103845148
1880200646
-381628162
2136398113
-751646589
1436989997
-1627756152
-2080417488
1218677397
-835192773
-1317262166
-197289653
-123218069
2117313989
-1250986400
-1469430056
1664521597
-442308653
788411510
-542603613
90909598
-369704615
-1152503312
-1576638697
306140916
1150727283
1353561600
543562529
-1918605481
-201641815
-1827924350
605663473
-2076541181
629300604
1848064954
-1603063632
-1178223646
-176399946
-600120481
445857099
1709760369
-848184045
1705881815
-1896993827
-375620277
1695839591
1494002565
-1553250050
767077748
-94753492
-956633219
-394696434
1451434524
1151000637
1056449404