2018862108
356832376
1068169129
1811463340
1145386810
33132694
-1647981790
-1090679521
-2084596822
-1758230163
1374007401
1198909259
156288925
-1844751849
-11328562
-922659219
1545439570
1735478184
561510032
866593195
-1724707884
-525488414
283552128
235157407
-1649011348
-27296959
296074378
906328698
-1512619329
312371861
1153554398
-1591959164
1959028881
917667067
-1120892329
1615700826
1332188990
842366700
462177962
-1873283157
474525162
-1955115358
-1106616327
990229320
546749434
564018554
656318027
800573760
-1644972941
-801939090
847437027
927117911
1030441079
1445574732
-757338697
1047474750
-1072738634
1150838422
-1361645893
1476099056
-338443224
-1188481396
-484190947
1253151404
1270420524
239614950
1278292381
1430298088
-1051601640
310278228
-1002292526
1557147692
679204200
1447356321
1504539445
1550654849
1652516939
1792425792
1889790332
2055869276
-2132424823
-2115157751
-1882933965
-1829658480
570503921
2144964387
-1758343644
-1642312115
-1584730907
2066013567
407122787
-1509766828
-1492496428
1760319855
-1273582003
-566120866
-1191493488
-1140901159
-895139021
-1989719739
1354375721
936792764
1056297926
-1067297482
-869933054
-852662654
-791636721
-741019834
-549912165
-454354203
-356323617
-339056545
-181149285
-102887610
-65117710
850307758
1286421452
1433341002
1545065740
-1756690775
-1602706712
-737036613
271767564
812678156
1617265983
-1245936562
-170660843
-1029942799
1052787276
-23806685
-1472467377
649881564
-1062840474
200967363
385856635
-576493602
-1970087263
-1871984939
-2108467754
1704075505
616074714
1460814902
-779733352
132109701
450553149
-863828448
-1922107795
1177691592
1128530555
-1212428108
311306301
1587827030
2013068087
1436188778
1824419570
-1227527016
-1533974574
-1359286273
-724102293
1990012810
-1223426637
903128208
-412580047
1096289032
1373392770
-662992171
-1941890480
1193134581
-1047938213
181758206
-1051282578
-702049841
119028567
494617194
1549357592
-1678823228
-2006593201
1353966433
-540207538
-533224617
413818098
72367929
-294930355
-738816169
769276088
624389096
1432550905
782609940
-1549592250
-1640092068
-719817970
1761594083
-599541653
-1632332625
-1682624907
798436620
129700975
-742588560
2077914540
-779003666
1154675076
-1441423667
-220438558
720467544
589500948
-1968635209
-622072705
932993319
-255294720
59492965
-573321737
1748356171
1327950680
-392022847
1762658938
-1661701070
-805580170
-2003179350
235772420
-665552615
-984528479
319335100
857217643
-850172156
1483209969
-1219714547
836292771
-1346918192
1908947202
469012813
2099216678
-2058421837
691173096
1971117374
1892576626
723959385
-544715312
-1302153146
1192855165
206536484
530533445
229301387
1418784759
-1293563452
1134901103
-190596595
1198975589
-988926069
-327278961
1793748001
1530611027
1372260929
-2074664695
-1214052163
-321584487
-170120159
-2092646712
272495313
328520984
-1114446658
-844036567
59675829
-665117060
-1707912767
1730434707
414514845
-13251379
567285899
839002150
85324820
1902321181
91499827
548204202
859723055
924107016
1939032687
-2032348467
-593172588
-412448539
1208548920
961265394
1400608177
844373399
1486968224
1496156144
-586140129
1547398878
1639707864
-143757146
-349894282
-2146785632
2025552590
-1376400334
-958766108
-773486892
-1161156350
-2047835407
-287363801
-125772758
-1817218052
-1006926043
-327212625
-163942744
-1740745081
1927081063
1979635808
2137426770
-1972177446
-2077335943
338424738
786630574
-1521778183
-719980423
549365545
-443800383
-517791226
-241291141
854800018
-1199625000
1383377079
-1649797305
429269521
1764834658
-1492983021
1759272163
202196112
285766696
1103488411
1454131288
1556141347
1724560467
-1751382394
-1645175811
-1382651914
-950954187
-801621258
-631986291
937378945
1349322934
-1563628033
-1618654994
-1821152041
-486627587
89215087
-1117794540
-1511493697
-315638599
134893676
791399690
1140381159
2143596287
173865180
-2001575968
-325312707
-686442644
-160370195
-1921195206
1277317115
390362416
-582701700
-599261501
-2090030929
387918978
1522094131
1476928580
9423615
-1766497981
-626377604
1457888473
494809196
-273521366
-258589943
-1492948261
1415308701
-1109800224
-453536611
557418734
-2115302175
679458312
1158179758
1338672448
424692696
695006819
-1739391654
124181317
1377776153
710076173
-1793782304
31761172
802373563
457472509
1849503256
1997093312
-468441003
104228340
1943996634
2076474775
-179602828
-45084871
442093668
843909173
-248229128
-1069355887
-1291394449
-46014139
1178816211
887591700
95394986
-1125628942
144893113
-230532319
-1965391484
1599430658
705937982
-1457883389
312549681
-847570230
-1451654359
-2093224444
654501344
-960199764
1079046402
-1962138969
977562721
-1127211313
2005716330
-366338980
561434617
1343145632
-1795057030
-1664245046
-1140978307
-824484953
210713699
720452301
953398171
-951267419
-677742367
-18750129