-292150873
695741606
634057218
-1430788189
973699334
982534535
-114735449
1196810158
506758448
1313276816
-997745274
240035094
-264877771
519664618
157212585
-159587189
-303059326
1093212223
2006405126
2041953557
1001749715
-716766424
1237293340
413792897
863538153
1865885809
-174573580
-187767927
202521845
-1127513181
1050996792
322142769
-1926877563
-1415441797
979050500
-1158198310
-1615342778
-1458958876
433290854
1103087527
-2144266137
1753535012
-608100197
-77968212
-535855211
2123029690
655575959
-1091490410
2139091542
-1058447728
820510470
259922393
165935948
-1531486242
343991069
-208637197
632436146
-1058489971
-1737079625
680266443
905843144
504387897
1874060221
-428398035
1365055214
-1466742097
-1940959994
1279520529
751302645
-2017411662
-680441122
-208465633
1444955313
-809360720
-1655119281
-710833904
-317753713
-44454276
569694635
-500891901
-84203381
-1855381138
627801612
211041025
-1995529647
1695098005
-397263193
820510468
-1079396518
1295978220
1912997326
-1998385216
1906830336
-1901052944
1373976688
111540005
-58208699
-1367832660
511662352
-1515212335
120653880
1858978708
-891628319
-775844349
-788290970
1046762593
-1963560993
-261330740
137399257
-910273511
-1196624290
-1032321853
1851652839
-138437402
909198118
1305172342
-1463234400
1786062456
-989466397
1453503714
-1877112559
167767824
-932106032
-326518765
-1929082788
158385748
-15539871
208257248
2059841714
-1829941964
1461735286
1166770589
-1690825568
1521931104
-1868281194
525107796
1315761193
1156347501
1960225298
-1252493870
-1644271801
-1671208879
324543491
1513326589
-601037804
843735376
810800505
813216020
1084037320
-519051849
1165073178
-260973676
-297258382
-2145728750
382360825
-1964833966
-25192774
-25433379
-683375815
1709090482
1072777594
-2103859150
-1829760393
-1209788365
-2104948124
329574171
-1710085876
-283383106
-1708073178
-1791517163
-285334048
-1696712253
2033517681
229502462
-1777819247
1704728650
-58818997
1039180171
-366666497
1494304276
-1532383442
-1094890254
1958510939
-1830410282
-761688270
116417476
-660209489
-1513283555
-936435672
110015932
-1732533829
-568716992
618366451
1886561837
-1325802522
1334790121
475461297
531802770
-539455137
1551256826
-1350318188
442485893
-2084722044
-1343463928
1110668612
-1765350158
-1417617355
-1675477070
-382346334
-488632358
-584689549
-819172807
-1041823535
-1776953376
-1720602736
-1419123176
848003097
-437528200
1600051832
1071352618
-1352655521
-1055058351
-400161838
9685393
1695368217
1208181047
822971284
910680537
2111164800
591716000
-1469931810
316829167
705802443
187828782
-1941877323
821484228
-1024678689
1285836448
-1921269838
-1568222318
-524368537
-754633900
1285172010
525326650
1351890138
-1290196768
-752896440
1231034013
-405665812
1694383496
2107891429
-1886280105
-2075596409
-1387174369
-1520770256
-1003737946
-696327463
-144724
-198818092
-163982770
-1836247177
253837371
720213851
-57534746
1346156231
-1093299225
-53666902
150666458
-915135718
737189127
-974503625
-628974828
1290346187
1080281583
1619097650
-21570567
-810142380
-1981335136
516625843
684515465
-675257677
535636582
1543309646
1018200931
-1703684466
59879567
550958745
695453847
9677145
-1523895931
538395169
1908408884
-1075559936
2006827373
-1240260947
-784617203
-1139768430
1784917761
-622706236
-1410502463
839849664
-1288507370
2107530322
163709293
141617807
971731297
-2016097668
-2036545346
250109405
37726771
-1717901732
-318631981
1990673340
1973516483
590237534
-1516980562
-245931737
-763531555
-1760936996
-815365603
1180829867
-1030642255
1948235308
-1212261691
1907089743
-1339736433
-2031811622
-350683801
835443158
-1238972758
1511063581
189616027
801415339
1379768006
-1473658921
-297107605
1394734682
-1834014310
2048582617
1423206334
-1147913191
-2007535661
-1476104621
-1932584158
-930565815
563728054
377952369
-682155627
1521512833
-1785033063
2089612274
2037715225
2108659768
465552806
567416828
963434728
-226354800
-958967857
123310095
830730400
639641290
1654424719
-429102775
582085557
-567212936
591133485
417693319
1887915035
-1945656362
1641034991
-1813870417
2002032250
-1062696313
942242224
1759382303
2131515083
-420597558
660664074
240908937
-109682191
-1101287404
37210168
73259823
621538202
1037080080
1461841480
1843908431
-1204818511
-720970582
1590458354
152312179
700477805
-361464535
488235954
887252666
1963418545
186089699
-448027035
-2066329834
-1914378788
-820883406
1486347567
2095631357
-880699376
734530659
-773632474
435933481
-663417111
2122230637
-1478332961
-1207463942
310211574
-706097166
428799168
1018716610
730198470
-1931307591
-629887011
1858322861
-700761114
1339645415
-1906867673
-1486055516
-1348806691
-367218925
-520335826
2089979081
1187424585
-1942854433
-1089879223
1579079235
2119306428
416904144
-1327409867
1353860537
-1902346559
468721592
865143202
-1799703327
223924960
-858387168
-437446493
-2058429407
-1754502094
1334175712
-591894780
-1227704672
-1775088159
81960027
1378896096
-2142361895
-2036625900
-1019545440
-1688845983
1308233849