2018862108
356832376
-1072738634
1811463340
-1758230163
497278187
1988916029
994366006
1445574732
-757338697
1349221856
1434947944
-1644972941
-801939090
-1589784779
-904765213
1263838027
1068169129
1145386810
-1690849723
-266862189
-1660075946
-281939391
-1596616672
1625983684
2026690688
-1738797398
-872792074
457637246
732088604
-930403268
373765015
2127592735
-844036567
1748720156
1231474618
-1707912767
-412448539
917883430
443080959
929798964
2087176192
-1292341188
-593172588
1939032687
338424738
786630574
-2077335943
549365545
-443800383
-1200702982
606356274
1061869658
1070094732
628017540
779107092
2078868789
-1460513688
1077381410
430858860
1921109434
1189949920
1535224769
-769756144
-420159748
-1914998486
-778354842
992883446
-603034452
-1021852036
936893285
345387193
1554457095
255764201
1259855086
142478455
1363248294
-2064500381
167149470
1531252830
-294247975
1664503888
1946907073
-1579811119
884784976
-921695941
541644065
1009137447
106382820
-91857385
-52384234
1112592137
-1670019630
1744166550
877871079
647020091
1802161556
451593474
2123700747
1058018143
1443815088
-1502857625
-1912761900
-286620595
-1396900611
460527737
45364604
-66792988
250971734
1708796288
-1430828930
231125547
-1629208338
-1336551171
819599427
-1308280441
-651520431
1015776207
-1632987433
-713698987
-1254630170
-60460305
338481236
922402382
-2038163085
1287455362
-2101854065
-1413289212
-424288525
-839624931
-961726241
-1164457880
-1728231726
873515792
208278028
-947940967
299131440
-836777591
-1516284558
-1902723979
-931112298
1283306336
1422273852
51163300
801492777
-1312486546
-2084817550
1959137349
86525916
862349973
-831220615
235291429
-1986364352
1377895883
-777785744
67052790
611449132
-567529567
-1265520897
-2123993682
908787433
-500893765
-2013590885
1256788726
767627830
-378639294
381669972
1195707020
-323791172
-408856276
33721948
-1754542115
-1570705319
703749572
820181291
-414697402
-345775012
-1278173710
-1382975062
-365524714
-122123562
1891785668
-1277563305
-676974242
-1332406861
-12716571
703148171
-1667646861
-1949663338
591002129
-68482139
1102462340
207395899
1735603181
1849569213
-706813684
-1837196324
-1356942740
-810930808
1251167038
451177552
-1090144386
-735438680
1366246469
1563951184
815440852
10939475
1804157829
445731752
-917646736
842366700
-687927474
-1110400872
-233784386
-1311677396
-620835846
-189106457
1974801220
1856018043
-790218299
1650773011
-1566086898
812716665
-543476291
-1835291468
1381272222
-765566491
1217576308
1726107140
-16553080
207876114
-828534887
549266049
-909011161
1555617446
281675753
757076451
965266349
1754378213
1466611840
-1720714611
2111672913
-256597761
-1606082878
-1224551979
-1527035092
910697498
1343769080
-749215596
-1704801739
1794615134
1559300419
1296305915
-317127118
-1043301953
-1441615508
-959040421
-1046786968
86516821
856023957
-1281285841
-600988502
-176844026
1629615109
-858020330
-861460762
1888879060
-410780073
1927987158
-156305772
-152847785
1105897863
1187235477
-1324463619
2131430384
2054221342
-149300048
1627211974
1824619105
-593942266
1407429714
1263126432
892539369
-1647331718
-1321988886
613641065
493825454
-1018466494
-276688689
1282818065
167870565
442034140
-123476109
-633356401
-882579879
505639138
-1958071965
-268489720
1061485487
-359933964
-1084012512
-1470131359
1717227884
1201406856
-889900762
1418004899
-1520026727
2012764021
-476019075
-654587174
744672117
-1608295444
2022919442
-1879960294
-1499608541
988537335
371367546
1428658829
-1179755254
-738220508
646271811
1192577634
884000840
-983101125
744642349
-1598094356
903234157
2023502458
2008123422
-1378996909
33504046
1060932883
-247869666
-161744509
2066926381
-1734990184
-309114840
817737170
345333395
-1888192178
-1157507833
300196327
812007075
-927469635
1100708695
-2072538375
-1463882380
-1035696897
92285795
-1693788779
1476979562
-1887894768
132860558
-912322699
-2007411167
-484509865
1720377562
1585444706
2088394250
-1111025508
262308183
-1190214117
-474465581
-1069062950
1926576037
-920222316
-1430029216
-767124932
-1743383994
-549167344
1244470929
-372411082
1533779226
-1371168019
1788378192
858392387
1310265443
115708592
-256197530
-1369864254
-1809125996
1436595675
-644647967
1583323323
975194034
-1906255565
314278665
387775499
-1656391185
-1938233897
499922577
1615876162
1790320222
-1069992133
-1741868243
-1973710619
623881289
-967700126
1170109800
1522125921
-1486495828
792358354
1315434606
1780838475
-1910105021
458186178
1435376647
1929864926
-1073284907
1954106819
-739640111
1811102674
-2095283454
-295989771
1318747216
-2110234210
736360964
-59156400
-609842935
-1076275712
306295649
-1757244741
-1958898087
-1021153065
898159535
-2115150653
1211935622
-1055695197
620584773
118561447
437529119
538856303
-661427150
-1666220715
903310432
623008313
625060625
-1846201908
-686664165
837649038
730575218
1255783340
1474071316
-2121963511
-1669310287
-1546266177
-783746630
-307718866
-147007146
-547995946
-1384367356
322687289
-510235521
-1645081585
-1114442683
-662365479