96770292
134920068
159436149
290944603
1192766364
1427268094
1477783080
1908845045
1943053505
2039428783
-1492044783
-589958670
-529265752
-293418119
1924541746
379867707
804660727
869498455
882948352
1053278316
1229758026
1381775035
1698351637
1715826927
1725087558
-1958508829
-1893605199
-1792315086
-1762597569
-1579674916
-1483655665
-1483224943
-1472184118
-1433055423
-1419346889
-1406068706
-1284306496
-1017353279
-943181110
-803184675
-441327946
-84813800
-199073892
99683774
419063498
851092889
935732254
1211739317
1393289465
1677783601
1755284812
1938067497
2021367528
-2110331960
-2090500336
-2028446811
-1320003920
-1314530219
-1271998665
-493584225
-405339798
-183442809
-158681705
-130266889
-56952901
1065258041
171889900
469972373
716290618
909473905
1029508061
1128866974
1386295220
1735990065
1892973030
2045164828
2144412680
-1871178328
-1745390567
-1536924022
-1406809964
-1249024848
-763324720
-145852988
-73353962
578534529
3668188
1308580311
1358588271
-2036102542
-1175899428
-2028445059